% # columns="iteration, evaluation, sigma, max axis length,  min axis length, all principal axes lengths  (sorted square roots of eigenvalues of C)", seed=554919, Mon Jul 14 00:19:40 2025
1 16 0.4943444601177904 1.000605263355341 0.9990945618305024 1
2 32 0.4758833901752121 1.0007165426573055 0.9988432299263909 1
3 48 0.46337239710173245 1.0011040389880532 0.9987397607436233 1
4 64 0.4418099188895067 1.0013887730038216 0.9985731610824464 1
5 80 0.4214038763718914 1.0013973344488851 0.9985243365514656 1
6 96 0.39796295133587334 1.0015637807627131 0.9981759341349088 1
7 112 0.3854223255255602 1.0020891218841093 0.9978668001606236 1
8 128 0.3811914556127681 1.0018548580033568 0.9977603838970645 1
9 144 0.3782575108424837 1.0017563607671722 0.9975525040113528 1
10 160 0.3877122599941924 1.0017815997156003 0.9972444438010826 1
11 176 0.384086293002638 1.002017142443946 0.9972221480897961 1
12 192 0.3698644940937772 1.0020228161332423 0.9968038052125124 1
13 208 0.36434486968796953 1.0023138339209305 0.9966953772343989 1
14 224 0.36981846352430986 1.0024120217080863 0.9967777489159234 1
15 240 0.3851169501550792 1.002503975801984 0.9967311945555685 1
16 256 0.3917194459064517 1.0025059452613332 0.9966753742702535 1
17 272 0.3880613263966385 1.0026498536984032 0.9966631228917813 1
18 288 0.38552098804597346 1.0024802097720673 0.996478133518035 1
19 304 0.39504522494100197 1.002445580967593 0.9964789991212183 1
20 320 0.3962920159397752 1.0023146230276372 0.9962946051326229 1
21 336 0.3867115733614476 1.002318034288886 0.9963553616615013 1
22 352 0.3904213598857517 1.0023423258525475 0.9964753189703026 1
23 368 0.39303936540765066 1.002410916730064 0.9964094078801787 1
24 384 0.4050556606874377 1.0025108446690805 0.9963833379630247 1
25 400 0.41368499153187516 1.0025448259305059 0.9962507131444102 1
26 416 0.4087824094159423 1.0024325572592874 0.9960928860633693 1
27 432 0.4053852128690631 1.002604149051482 0.9960581845574022 1
28 448 0.393414957257576 1.0027238358442692 0.9959348161878798 1
29 464 0.382160326764469 1.0028707538313828 0.9959069683000213 1
30 480 0.3744742090954923 1.0030035724611461 0.9958864889243897 1
31 496 0.3691860912467505 1.0032423379985835 0.9957384075814227 1
32 512 0.3559062518480102 1.0035103413308468 0.9956035086197433 1
33 528 0.33959110078655147 1.0036420699902608 0.9955081337017792 1
34 544 0.3199666189230309 1.0040035528229303 0.9954632217957093 1
35 560 0.3152061187840311 1.0044192554307108 0.9952334574144936 1
36 576 0.3119159739163401 1.0051893046393465 0.9952087922748994 1
37 592 0.3096333278627178 1.0059853717453406 0.9949639317304471 1
38 608 0.30804542223230225 1.0063874166002442 0.9950149816127114 1
39 624 0.30693873605734606 1.0067618693103721 0.9948502898303773 1
40 640 0.30616642223948826 1.0070344375577447 0.9947948443575712 1
41 656 0.30562695911116816 1.0070328515721658 0.9949314556516196 1
42 672 0.2998086640782145 1.0072335747020555 0.9949046738758047 1
43 688 0.29245604980703616 1.0075173827433217 0.9948334073328109 1
44 704 0.2828299686910672 1.007821925540568 0.9944867825824087 1
45 720 0.26934187346197946 1.0081421617815791 0.9942947992980937 1
46 736 0.2531322608500563 1.0082544524328743 0.9941402129569031 1
47 752 0.2362822583862947 1.008507193310391 0.9940632386536424 1
48 768 0.21923179336869544 1.0086914419986595 0.9940088584373825 1
49 784 0.20636730375877405 1.0089227955643645 0.9938976673588324 1
50 800 0.20007709370409588 1.0090296417526938 0.9938739759291325 1
51 816 0.1993417462299248 1.009231405149988 0.9937522230004189 1
52 832 0.19882861165919472 1.0095729756874514 0.9935150078134598 1
53 848 0.19847020358743891 1.009651870247472 0.993222959776143 1
54 864 0.19821970241563466 1.009799044298009 0.9930822612095689 1
55 880 0.20314670983675823 1.009746464802076 0.9931870564392861 1
56 896 0.21274986863159506 1.0098419867868462 0.9932272196809245 1
57 912 0.21974092886209484 1.0102289103011837 0.9932769751820963 1
58 928 0.21787653322649264 1.0104660196775899 0.9932229694701317 1
59 944 0.2135843657199902 1.0107420505722686 0.9931675982230407 1
60 960 0.20894280404083773 1.0109227148413142 0.9930669989156061 1
61 976 0.20058620896789284 1.0111342363567042 0.9929995944249853 1
62 992 0.20020675837133223 1.011478295275084 0.9928446745093219 1
63 1008 0.19604067579649584 1.0116787119865156 0.9926923313836232 1
64 1024 0.1986345108873647 1.011685365423445 0.9925977723674294 1
65 1040 0.2063697755906995 1.0119641580791723 0.9925280279885794 1
66 1056 0.21196300238812918 1.0121493624244413 0.9924907233920119 1
67 1072 0.2159682165668613 1.0122770526389926 0.992299946743828 1
68 1088 0.2218867324807655 1.0124516294521722 0.9923388674851309 1
69 1104 0.23223971346933608 1.0127279725834935 0.9920106146707237 1
70 1120 0.24682862284290388 1.0129051809749616 0.9919062076817146 1
71 1136 0.2575827902146482 1.0131244553348897 0.9917181132962781 1
72 1152 0.2587228875577874 1.0133616059585684 0.9917424271259451 1
73 1168 0.2651062523467437 1.0133732057196814 0.9915306172246545 1
74 1184 0.26360211434265796 1.0135739577997172 0.9915999416703867 1
75 1200 0.2705764687321633 1.0137560720100376 0.9915663382332769 1
76 1216 0.28367707854668517 1.0139917391166968 0.991621912946301 1
77 1232 0.29322311325229283 1.014736454472105 0.9918603921042065 1
78 1248 0.2937767706974814 1.0153740803237825 0.991839252335703 1
79 1264 0.2908376295619219 1.0161516489528915 0.991740397991591 1
80 1280 0.2811950618488017 1.016879068259076 0.9916050779998321 1
81 1296 0.2746361200755695 1.0175210935884618 0.9914308197048232 1
82 1312 0.26369542942438273 1.0180632451528946 0.9913135553168994 1
83 1328 0.25629732030715613 1.0185578323421687 0.9911419642396164 1
84 1344 0.25863572681050606 1.0190029438837827 0.9910426264756687 1
85 1360 0.2602852942365924 1.019729826851181 0.9909173045699308 1
86 1376 0.26851498039707594 1.0200739240486345 0.990807995706197 1
87 1392 0.2821844227630338 1.0204962555725108 0.9907591800675888 1
88 1408 0.29216500606558776 1.0207775623361388 0.9908028241620211 1
89 1424 0.30278554837551336 1.0210942205530258 0.9907508671830604 1
90 1440 0.3195842967103808 1.0216731965993955 0.9906857198426 1
91 1456 0.3390339188341846 1.0222502317285385 0.9905326728047559 1
92 1472 0.35334874434074653 1.0227869199625033 0.9904753376838692 1
93 1488 0.3637272459625094 1.0232140505246277 0.9900322240414746 1
94 1504 0.35978808195850964 1.0235097699054219 0.9899282584215879 1
95 1520 0.36473626513968227 1.024175072080905 0.9897018957080562 1
96 1536 0.37864546744861194 1.0244548356138832 0.9893625778951908 1
97 1552 0.39871020669984664 1.0248427894444117 0.9894012807133996 1
98 1568 0.42646581614807294 1.0251519585379083 0.989242396090136 1
99 1584 0.44345514012923665 1.025427359519872 0.9891682361570381 1
100 1600 0.4674901238464507 1.0255080093627538 0.9891783255469193 1
101 1616 0.481199337465198 1.0255556577230156 0.989183326856864 1
102 1632 0.47699782675996444 1.0260981434063317 0.9890957576234735 1
103 1648 0.47407861582342875 1.0266728249451176 0.9889511093980955 1
104 1664 0.45907415949805613 1.0269424774732097 0.9889742646423922 1
105 1680 0.4488545013797685 1.0271333631608823 0.9889941933209155 1
106 1696 0.4418364093872786 1.0274250429944072 0.9889625266268928 1
107 1712 0.42403309155121216 1.027734431318656 0.988844892990584 1
108 1728 0.42364083874818104 1.0278981442990602 0.988736924676785 1
109 1744 0.42336647770438884 1.0280770655664246 0.9882911129906731 1
110 1760 0.435627158946055 1.0284919208135486 0.9882374008542344 1
111 1776 0.4444202957169932 1.0286414646958426 0.9881919317773598 1
112 1792 0.4470702763540595 1.0289188871065063 0.9882919667347851 1
113 1808 0.43562444640944303 1.0291702544544 0.9884113850782938 1
114 1824 0.42778717112777953 1.02934885104536 0.9885428602942851 1
115 1840 0.42238512503197906 1.0296025639018902 0.9882688366167358 1
116 1856 0.4288695825154539 1.0297734287284463 0.9883788541087102 1
117 1872 0.4215563071925153 1.0298329638923012 0.9883168933837705 1
118 1888 0.41651134369840964 1.0298827150143166 0.9883165469531513 1
119 1904 0.4073015440389889 1.0301520170284524 0.9883989964821808 1
120 1920 0.4127755253077843 1.030241582532846 0.9885137842888916 1
121 1936 0.4166510267439398 1.0306689653113144 0.9885352818845902 1
122 1952 0.419385507530422 1.0311690840029917 0.9886070156472174 1
123 1968 0.4213103151946573 1.031330981666287 0.9887433709399099 1
124 1984 0.4260764264955831 1.0317192978895735 0.988890492018085 1
125 2000 0.429444748902924 1.0320535997985538 0.9886702971756816 1
126 2016 0.44401990965687105 1.0325347513978167 0.9885563897809921 1
127 2032 0.4545158653382143 1.0329871371156136 0.9882610377439052 1
128 2048 0.4756057495122391 1.033323373228829 0.9882047959887307 1
129 2064 0.4909482657324097 1.0337045911647202 0.9882426444581416 1
130 2080 0.5019815718394235 1.0341323511962455 0.988238384917983 1
131 2096 0.509852091104848 1.034354494993267 0.9881641180868902 1
132 2112 0.5154347637018544 1.0347095565821514 0.9879608605436812 1
133 2128 0.5193789659896553 1.0349375494316075 0.9879020845241387 1
134 2144 0.5221578520343328 1.034972623882413 0.9878451683075263 1
135 2160 0.5283447240131952 1.035329710573642 0.9876822076226086 1
136 2176 0.5327191000785652 1.0357325064518998 0.9878182397716908 1
137 2192 0.5358026947640327 1.0358409907133692 0.9878733839068893 1
138 2208 0.5423165698543805 1.0359887237635659 0.9877288034377142 1
139 2224 0.5325254316293982 1.0361701984992169 0.9876943154559296 1
140 2240 0.5257770052326275 1.0361895339527112 0.9879209059267068 1
141 2256 0.5211040555516492 1.0361447450823214 0.9875461060728604 1
142 2272 0.5178577242148462 1.0360244864380161 0.9874923958836643 1
143 2288 0.5197613777374885 1.0359440233512254 0.9874849268616959 1
144 2304 0.5169233435048008 1.0361829293058347 0.9875773266719294 1
145 2320 0.5208371757923657 1.0361645647348927 0.9874652084784459 1
146 2336 0.5390021322839271 1.0362351655715112 0.9873412707597968 1
147 2352 0.5584094658070665 1.0362551789770054 0.9872222688679605 1
148 2368 0.572408894321943 1.0361734684867678 0.9869198670120195 1
149 2384 0.5651490511890055 1.0363897270498157 0.9867300778797613 1
150 2400 0.5752660583708503 1.0364339856106275 0.9867386235765833 1
151 2416 0.58245553172796 1.0365480496102433 0.9865324099776258 1
152 2432 0.5875415581849882 1.0366603164434454 0.986453240569078 1
153 2448 0.5911281784784058 1.036451150111617 0.9864774731770682 1
154 2464 0.6111210438403234 1.0365679854503331 0.9864501498506842 1
155 2480 0.6255170363216821 1.0364993612784732 0.986423418867681 1
156 2496 0.6529855672273033 1.0365944755023377 0.9865581029450676 1
157 2512 0.6823690765675219 1.0366780399714606 0.9865843062976535 1
158 2528 0.6851951158754546 1.0366763873806697 0.9864222473619547 1
159 2544 0.6816749904286385 1.036711317992645 0.9863229495149936 1
160 2560 0.7007146389317164 1.0368408509738511 0.9861676428902509 1
161 2576 0.7143579323226001 1.0366864716184514 0.9860869681130501 1
162 2592 0.7033681872746761 1.0368179824916044 0.985988520685586 1
163 2608 0.7170350884436094 1.0369228256361034 0.9859419788175645 1
164 2624 0.7059848198184229 1.0371978643582431 0.9859094620391454 1
165 2640 0.6983511150333005 1.037291034997814 0.9858775205967346 1
166 2656 0.6725086375197952 1.0373764692677772 0.9857229316250582 1
167 2672 0.6549900335061513 1.037408346518533 0.9855356630254168 1
168 2688 0.6268498833445115 1.0374458425823436 0.9856647240047215 1
169 2704 0.627109540847576 1.0373621817317527 0.9857228502631694 1
170 2720 0.6360920336374796 1.0377412228642113 0.9857515704085832 1
171 2736 0.6424562233429802 1.037810484975753 0.9859055287329354 1
172 2752 0.6284556319529769 1.0377727490191289 0.9858217960112642 1
173 2768 0.636323078070024 1.037805888658611 0.9857029284960521 1
174 2784 0.6470728135970719 1.0378774743052064 0.9857575216682142 1
175 2800 0.6547054994294635 1.0379775225382033 0.9857898637038817 1
176 2816 0.6676537712479657 1.0378871138721038 0.9855317177796432 1
177 2832 0.6568015013999449 1.0378084544310955 0.9855481829159732 1
178 2848 0.6403264932786227 1.0378525303441213 0.9855764023708529 1
179 2864 0.6140427054086312 1.037862833371214 0.985688595607194 1
180 2880 0.5880386923318748 1.0375263033015554 0.9858009692752544 1
181 2896 0.584428060976478 1.0374380997628907 0.9857422171716907 1
182 2912 0.5953047331742172 1.037299188780251 0.9858025403776608 1
183 2928 0.5878928908922539 1.037278237565057 0.9857432133823463 1
184 2944 0.5827595772203032 1.0372537135275943 0.9857889230081727 1
185 2960 0.5791929504719323 1.0373476094882563 0.9856259855619276 1
186 2976 0.5767093077305717 1.0374796271571511 0.985525083363599 1
187 2992 0.5605361499601643 1.0377330314289863 0.9852774718496649 1
188 3008 0.565655115037351 1.0377390544057221 0.9855262138862817 1
189 3024 0.5772527765869772 1.0378048570912515 0.9855031248995356 1
190 3040 0.6013428563828491 1.037966325794151 0.9853716697009053 1
191 3056 0.6188016229805267 1.0380762633055933 0.985336287871401 1
192 3072 0.6313234856025711 1.038163256106857 0.9853323217853719 1
193 3088 0.64023925233351 1.0381815094005804 0.9852083560005506 1
194 3104 0.6465551010780908 1.0383939323522178 0.9851803020076076 1
195 3120 0.6510132300709399 1.0382173730350486 0.9850773461972445 1
196 3136 0.6451016574725886 1.038434546638219 0.9850143499348603 1
197 3152 0.6483288246668578 1.0385696081024505 0.9849710131340257 1
198 3168 0.6432384830969636 1.038534344280646 0.9850198786941521 1
199 3184 0.6324633560162258 1.038709555565732 0.9849702186781446 1
200 3200 0.640294455174523 1.038710415694712 0.9850050013607029 1
