% # columns="iteration, evaluation, sigma, max axis length,  min axis length, all principal axes lengths  (sorted square roots of eigenvalues of C)", seed=1752488073, Mon Jul 14 03:14:38 2025
1 4 0.4532141562534133 1.0414321475507988 0.9602412444734985 1
2 8 0.4624361063139268 1.0982611743557875 0.9457813575324985 1
3 12 0.5206021349131323 1.1226910003529125 0.926467018759246 1
4 16 0.5304479309703586 1.1417705969704892 0.9392243177297454 1
5 20 0.5132865298079323 1.1228886658280186 0.9232677724169172 1
6 24 0.5008604736612315 1.138553047246626 0.913122096457663 1
7 28 0.509278476338902 1.1573060507234911 0.8958672128879555 1
8 32 0.5147419951245883 1.1824043615601563 0.8939762641752182 1
9 36 0.5160612119421559 1.1711672441636949 0.8805210280781769 1
10 40 0.49079158165331166 1.224399624698279 0.8705669280072034 1
11 44 0.47558301288611105 1.2664583560091465 0.8657687397791862 1
12 48 0.42466047387933226 1.2622391292734574 0.8547485399577995 1
13 52 0.392968088415853 1.2353884110805824 0.8403310945334477 1
14 56 0.3956662899242162 1.2003956654941472 0.8279952637758546 1
15 60 0.39155083004042185 1.1936000345387145 0.7960139619362422 1
16 64 0.40453866634305446 1.1803861398935536 0.8130485567916449 1
17 68 0.38279829225731205 1.1696502777873727 0.7972923291045364 1
18 72 0.37251957227814175 1.164221395777412 0.7805250214007456 1
19 76 0.35626342008184025 1.1653792148749875 0.7732387453172105 1
20 80 0.35013689967657374 1.1572201299212663 0.7556493062982266 1
21 84 0.33976240315569195 1.1571374697493733 0.7525729081409769 1
22 88 0.32950903999994613 1.2062399312066723 0.7514040852927367 1
23 92 0.35574529288404694 1.309953390066176 0.7413661435914263 1
24 96 0.3571778668619105 1.3457756426871779 0.7270420994292751 1
25 100 0.32935118006530517 1.3836409925613542 0.715182860701602 1
26 104 0.3038747880215304 1.3595903286142759 0.7078839413852441 1
27 108 0.28647837426722855 1.3166285132929632 0.6974758955017343 1
28 112 0.27213577312469417 1.299889707418562 0.6894936294261459 1
29 116 0.26384452893104493 1.2870026476993999 0.6778492015106037 1
30 120 0.2688391038009534 1.2694062539591313 0.6616055913808224 1
31 124 0.2688379892640669 1.2643049352388553 0.6710095442656735 1
32 128 0.26521773503272056 1.2685215724158931 0.6562347035009342 1
33 132 0.2782392001440367 1.2879669638856917 0.7060007142339098 1
34 136 0.3049550562080773 1.3434724195546928 0.7105027182165953 1
35 140 0.3202650255988527 1.350541985483956 0.7433236598104477 1
36 144 0.32909438218199216 1.3968189064684993 0.7332483460786889 1
37 148 0.3227224878308401 1.4514527447824483 0.7210120077411178 1
38 152 0.3046882021591292 1.4752198797891054 0.7063802505342195 1
39 156 0.2912766068634284 1.477624947814502 0.6927869038908426 1
40 160 0.2724497769568287 1.462814489039121 0.6878064492508903 1
41 164 0.27302996615897435 1.4879881286410679 0.6813262799054186 1
42 168 0.2660985961222014 1.4960382009701898 0.6880044723399776 1
43 172 0.25459447345952907 1.4881637980214477 0.6809696065873058 1
44 176 0.23524460931738075 1.4894491692621914 0.6650094273454845 1
45 180 0.21614711935145017 1.3934411852825062 0.6549962329957428 1
46 184 0.19661430740926988 1.4415434821348563 0.6530449530287951 1
47 188 0.18683548854901644 1.4549224712752666 0.6372631617835759 1
48 192 0.17459287396965664 1.4402419768218293 0.6603083053480466 1
49 196 0.17529839638047962 1.4221824970373154 0.6387597422957085 1
50 200 0.17692608649774727 1.3892944816852961 0.667231536257785 1
51 204 0.180270130878238 1.3530678946299717 0.663519981282724 1
52 208 0.18338522858149 1.3354715823352854 0.6722479733237781 1
53 212 0.18411478152150262 1.310589663161278 0.6567588551924702 1
54 216 0.1814866125942452 1.3488057499727197 0.6541379968228334 1
55 220 0.1744318259390928 1.3713424120519406 0.6404065516800176 1
56 224 0.18432895528454282 1.5985780718346663 0.6261481958534394 1
57 228 0.17852783881547662 1.6139186369290324 0.6121549994034369 1
58 232 0.18357499151773515 1.5628621153459359 0.6208424113844608 1
59 236 0.18281267003927643 1.549124673189653 0.611890530970148 1
60 240 0.17738235829639512 1.5415515878550126 0.593494359133514 1
61 244 0.16919930537437675 1.526150257487311 0.6002910590302036 1
62 248 0.15459658950790583 1.4888826516246878 0.593556184795519 1
63 252 0.1527275889421265 1.5199773084089725 0.5803015033196466 1
64 256 0.14011380046645652 1.5169161504264042 0.5775559269769671 1
65 260 0.1316551491677822 1.4819007083619056 0.5662376499445567 1
66 264 0.13736880859237138 1.4583374896138324 0.5751037914601516 1
67 268 0.14203201776239516 1.4774647840454889 0.5674453307039983 1
68 272 0.14038756237116345 1.519062457208009 0.5586458155524472 1
69 276 0.12637265388285052 1.5076940254192035 0.5499037062427407 1
70 280 0.12221891162949079 1.4901660353433492 0.5362002256710406 1
71 284 0.12301723363311005 1.4508138954891827 0.5454148747225334 1
72 288 0.13304717217600484 1.4560875759473222 0.5434784331565767 1
73 292 0.1373674571448236 1.5021664616462942 0.5384760651847686 1
74 296 0.14306225670631728 1.4765353988270138 0.5047036321417834 1
75 300 0.1508976435099251 1.4520597416302465 0.5049434366493369 1
76 304 0.1613506655884453 1.421081205492436 0.5000483358363162 1
77 308 0.1719067269953403 1.3978863267206048 0.4994332262058712 1
78 312 0.17271864460457245 1.3761358868483737 0.48966661076778784 1
79 316 0.1605681019795376 1.362432580804006 0.49058322575194496 1
80 320 0.15803181647499204 1.3309519918981936 0.4887273295399274 1
81 324 0.15893622339989874 1.3152259920270861 0.4908763627022315 1
82 328 0.164818117234191 1.2912722939679213 0.48515136379224555 1
83 332 0.16124631169918835 1.2820663917632884 0.47601567295738506 1
84 336 0.14798757080819228 1.2780115064813078 0.4626257117051751 1
85 340 0.14374023259852686 1.2488849140372722 0.4703216146150415 1
86 344 0.14939797052735304 1.2278747526176117 0.46438802737162865 1
87 348 0.1419729744536672 1.233737835984542 0.45513767434844404 1
88 352 0.14414392539686655 1.2868375973842432 0.45946855936835634 1
89 356 0.1384030557806851 1.2569289060975741 0.4568906739836895 1
90 360 0.1416301327479453 1.330691992655094 0.44628616500717744 1
91 364 0.13420394845916617 1.3155143054144782 0.44685310770216424 1
92 368 0.13487370508182833 1.2931972800748108 0.43363141995592536 1
93 372 0.13848617749584596 1.2952679130816396 0.43905761614937694 1
94 376 0.13195082072321887 1.2936627472721058 0.4369740771520903 1
95 380 0.12262204724271869 1.273729284837835 0.43132107256577845 1
96 384 0.11902769960866821 1.254259040579456 0.4343397593712484 1
97 388 0.1142454220019278 1.229345629529028 0.41583888555993154 1
98 392 0.1059057442601192 1.2615440344046451 0.428105772861805 1
99 396 0.09838439458276721 1.2593124416642654 0.42183638178299926 1
100 400 0.09151377366577745 1.2619300444513715 0.41783643083383465 1
101 404 0.08523223807572697 1.2465513915066158 0.40855277080112096 1
102 408 0.07981208574313471 1.231197793989849 0.41078449195858463 1
103 412 0.07326733809920725 1.212181011948076 0.40886735117735645 1
104 416 0.06970345912198113 1.1971845642990588 0.4125749687293616 1
105 420 0.06237296821037184 1.174849669793253 0.4079258367296631 1
106 424 0.05937236262860515 1.1817611466357427 0.4012176436296619 1
107 428 0.05758446232499051 1.1590496012464824 0.39775474518409176 1
108 432 0.054769458135260074 1.150791814255283 0.39901911043818933 1
109 436 0.053580265261315776 1.1390459776371928 0.4114864039198477 1
110 440 0.053876029636726816 1.1256411037051655 0.42954127654168056 1
111 444 0.05540312693581293 1.2238149178124584 0.42523431077453266 1
112 448 0.056371350005702384 1.2591841230433376 0.42538596611665724 1
113 452 0.05632420373562542 1.2704939421260992 0.4243749715274087 1
114 456 0.05829530476757644 1.2816377749518417 0.4194717329118318 1
115 460 0.0584998133350872 1.2492882541407424 0.4291066733542949 1
116 464 0.056617088746938674 1.237943421623802 0.4251374176055784 1
117 468 0.05633147156698595 1.2203144463318456 0.41352413739809907 1
118 472 0.05367184547202731 1.2012257460835105 0.42061947213696904 1
119 476 0.05163637288046928 1.19018578295137 0.41720549300014115 1
120 480 0.04996615234491928 1.172049460479536 0.4185881052395727 1
121 484 0.04764435313260408 1.1487788484070918 0.4132409630544551 1
122 488 0.04423148664396422 1.1399051537524025 0.4034695849425342 1
123 492 0.043545786475308546 1.1095157959312727 0.40264605541058823 1
124 496 0.04277276565924148 1.1061457033729447 0.39500759061316004 1
125 500 0.04322970354199634 1.21081396385863 0.38817603105204257 1
126 504 0.04278058225097069 1.2257678315207152 0.37938362511105317 1
127 508 0.04216522875663186 1.2220476839541876 0.37382653000131055 1
128 512 0.0393579848451565 1.2114650696178584 0.35829598451775835 1
129 516 0.03719426959954831 1.2272639262356992 0.3562128095775016 1
130 520 0.03829764175593405 1.3343548444582916 0.37645478118118836 1
131 524 0.0376701780138836 1.336202754492237 0.3693470793927337 1
132 528 0.03739684647429187 1.339753410099894 0.3609156393436781 1
133 532 0.037294653215465615 1.324312995220966 0.3691483322627454 1
134 536 0.038592949401637586 1.3029188899793922 0.3873471486218848 1
135 540 0.04084115316719405 1.275045925570634 0.40159407114766765 1
136 544 0.04229166916297954 1.2551882984244627 0.38227214513784064 1
137 548 0.04262725550468676 1.2486685081555142 0.4082798135648052 1
138 552 0.043370075595902835 1.2246862116579542 0.4147431866235528 1
139 556 0.04477400087088207 1.2310704505122785 0.40676065184342713 1
140 560 0.04397057495939497 1.2040954476979935 0.4033438390054848 1
141 564 0.0434564487706713 1.1678957366416944 0.39305978043128337 1
142 568 0.04489772976217514 1.288181746999968 0.40874124028889763 1
143 572 0.04442472711267277 1.2474290443121097 0.4050755088785352 1
144 576 0.04387050916183989 1.2716764461755603 0.39886722109631334 1
145 580 0.043078470513881646 1.2649677739661147 0.39341134958789303 1
146 584 0.04377324902466972 1.2491271280115264 0.38730807824216856 1
147 588 0.041653504771954154 1.2356893039666954 0.37962570672347856 1
148 592 0.04199496073879745 1.218549407877463 0.37937179933997317 1
149 596 0.04214869750924134 1.1920037343254803 0.38067430619981263 1
150 600 0.04288658405568939 1.1788045799634421 0.3770857728561231 1
151 604 0.039554275853259505 1.1804912239751681 0.36702112124720415 1
152 608 0.037866373993460906 1.1602367148005337 0.3750584496177581 1
153 612 0.03569388628937308 1.199694055397182 0.36838738063288673 1
154 616 0.0347500049043946 1.1857438594708734 0.36070403262525425 1
155 620 0.03411588842856148 1.1963420175887982 0.35868674047272936 1
156 624 0.03128036356933137 1.1775237740801552 0.35544734435499764 1
157 628 0.030335673486013494 1.162163157655436 0.3635910741589492 1
158 632 0.030443150256593887 1.1412382840765443 0.36649722046042776 1
159 636 0.028546947069206827 1.1285765879373841 0.35894668062387014 1
160 640 0.02594375106117475 1.0749627344681951 0.3545368524213048 1
161 644 0.02398893927971569 1.0898324069448417 0.3493493359842377 1
162 648 0.02332714982483641 1.1043242736452523 0.3453587345500577 1
163 652 0.024032250389758158 1.114012925901835 0.3280879544833572 1
164 656 0.025600267499933826 1.0741368976181196 0.3323678035088562 1
165 660 0.02710297027415926 1.1399242021858977 0.33194937091129073 1
166 664 0.027343303914297592 1.157307507665618 0.3324320683995079 1
167 668 0.025222665234199835 1.143226436558289 0.3279758226562623 1
168 672 0.023386164100438762 1.1332051239174394 0.3248840193107977 1
169 676 0.023105632538540512 1.1836444799014365 0.32057198113557034 1
170 680 0.022801313136652467 1.2330700342717493 0.3151310493247023 1
171 684 0.02275118715553122 1.2152612554436657 0.3112750399590901 1
172 688 0.021849657148779556 1.1983491207729147 0.30543546232701546 1
173 692 0.021805478306087075 1.1821124511880647 0.3021333161344206 1
174 696 0.02188574540423585 1.145591142799419 0.2970600561172655 1
175 700 0.022672524535853524 1.130011428475828 0.2982938119968494 1
176 704 0.02367717344151137 1.1321165785088612 0.29865246805106826 1
177 708 0.023928843768971867 1.1180134700170086 0.3004918477623335 1
178 712 0.02439742423876093 1.1169243835851272 0.29690847564761946 1
179 716 0.024409623015062474 1.1219221165331694 0.287597893725217 1
180 720 0.02483233768017945 1.1415433360038267 0.2962394748579017 1
181 724 0.025173796042518837 1.1736578314232107 0.29697044281978063 1
182 728 0.025952282981028692 1.2440944121015038 0.2900612478749089 1
183 732 0.025459856252701144 1.2534117253652801 0.2896718941723613 1
184 736 0.025055219295077997 1.2338426151552777 0.28409985823604167 1
185 740 0.023115531682498965 1.213402693674905 0.2803662245491755 1
186 744 0.020765387453617508 1.1836344893919906 0.2721113786675554 1
187 748 0.020365271684894534 1.1796813293827086 0.28700521645022825 1
188 752 0.02055161015378994 1.2150757382765995 0.2972792108887794 1
189 756 0.02045669929679272 1.210993936274816 0.30435980682103414 1
190 760 0.02033138767696728 1.1815985260381736 0.30655034633366995 1
191 764 0.020466246278956362 1.2067484880039125 0.3032231036826307 1
192 768 0.02035530020937396 1.2061624619245395 0.29996387782987083 1
193 772 0.01900131834746272 1.2047566349276613 0.2878079556051621 1
194 776 0.018117991617747062 1.1898971352653622 0.2926307069139465 1
195 780 0.01688835697869766 1.1614646777164772 0.28736534428322735 1
196 784 0.015663293706041675 1.1580652648763192 0.29220595935509347 1
197 788 0.015116845545418237 1.1440918503044168 0.290943839691009 1
198 792 0.014306546369958912 1.118823709595074 0.29076781966324805 1
199 796 0.014443433754538142 1.1398827141779881 0.2924562091128973 1
200 800 0.015204029767756377 1.1395885283918783 0.2926519938602527 1
