% # columns="iter, evals, sigma, 0, fitness, xbest" seed=1752487760, Mon Jul 14 03:09:45 2025, <python>{}</python>
1 4 0.4663908570671235 0 2.0 0.2845942166478269 0.031211412801336026 0.24396534948469284 -0.9945290868370911 0.5660510971795483 -0.09067094461136442 0.630361475866528 0.025413335210429436 -0.9231206762535585 0.3848648326900383 0.48384946681023 -0.43309987211545437 -1.2664346258889327 0.6566906161918592 -1.0278364198494694 0.03403970704783399 0.3676293756043307 -0.29402569333572887 0.6760390179720308 0.40098887803046973 0.3024104886718378 0.281602132177591
2 8 0.4364999880925108 0 1.418461561203003 0.22876955641395866 0.285877342744075 0.277008433244452 -0.5983449033660493 0.7702505507353191 0.1951548817625464 0.6960369010344549 0.058017155174863735 -0.6238223389470071 0.10359535215098159 -0.12171344455926258 -0.34641212621072537 -1.6110674949456838 1.1192469231844995 -0.44832221156588015 0.14586042622011997 0.06207229381412582 0.33964441119859623 0.3840668019404594 0.29087166062536246 -0.03048998874588177 0.009563649496214965
3 12 0.4114138781461166 0 2.0 0.5986970670501945 0.16459618875239723 0.6646449650949682 -1.0328887123659432 1.028425456184284 0.40288593631033154 0.39060598050178813 0.09083351290910306 -0.46188601975688826 -0.04859946722695163 0.691304942407895 0.22452876218203738 -0.9866813058197687 1.464328413599632 -0.5125021245419453 -0.31416916453006133 0.25745626913952774 -0.07387178984760917 0.6192281865571612 0.239872908482546 0.1462979966787447 -0.5788965121383215
4 16 0.4069601948248282 0 2.0 1.2622101947561963 0.5498467805970473 1.0384190945775296 -1.6131158181436271 1.2404544477741717 0.712980662242285 0.4419063780511 0.24024128985212695 -1.0310449682273264 0.5165494429061427 0.8208151866908441 0.3286331274831732 -1.2173763451859974 1.375676187160433 -0.8157518658819716 0.007898396520242101 -0.6371929121210914 -0.19632250843562127 1.3092126046767367 1.2027721457133762 0.08813912587973721 0.4563356833470663
5 20 0.41157661253033717 0 0.9372949600219727 1.6722749810324404 0.31287165940083955 1.1317788553914916 -1.5148992859389105 1.4202539772551082 1.123553543994688 0.06616961229438673 -1.197141063784554 -0.524597493938381 0.8889590796427997 0.4096010490686444 0.890347273904939 -0.9045594049186612 1.6525660602120285 -0.4670568230926884 0.3474543097999952 0.3584402417668179 -0.26624556827802826 1.5590614437537338 1.8941116454138838 0.4962602668755117 -0.09073526857711953
6 24 0.4183580808098298 0 1.8457143306732178 1.8181057251261967 0.770015139817156 1.8073568014911272 -1.432815611620716 1.1638153027313412 1.690805703090394 0.23432717562300073 -0.9507757470595286 -0.783428718146571 0.4775016256882262 0.7170247722965184 1.160874530691677 -0.8967657555058379 1.5540494599124073 -0.3520768742788494 0.2801312195976597 0.41375728713119597 -0.8095019027643888 1.4663623937100259 1.5486779456213626 -0.007253311546457197 -0.05774050624798074
7 28 0.43562975919813607 0 2.0 2.335851694351031 0.7633420777798147 1.6041660458526312 -1.6009338000290823 1.749644379907509 2.029170217373787 -0.23075357908804134 -0.7228689130775072 -1.2998129526371915 0.7259380862845326 1.4735555938172946 1.2859587424801213 -1.1650639686092699 2.207328285963473 -0.6044105858416453 0.7254240946163337 -0.2069588261730188 -0.7893287314812284 1.4867458807681075 1.2514811419888487 0.11644927786081971 -0.18389536636002926
8 32 0.45445911194230265 0 2.0 2.8221965913656333 0.6801602659164092 2.189050852636149 -1.7685640487706498 1.8215580645700487 1.4840673339748922 0.0670805494164613 -0.9940664041003666 -0.26033248981553436 0.8417884654400886 1.9196038933800201 0.8261941819409009 -0.7275803105079275 1.9906759132623595 -1.5925876395190564 0.5103164301416914 -0.3440219898379575 -1.320053273201547 1.8629452157548465 1.9790533534649586 0.3570210206305454 0.22060663271002506
9 36 0.47404756402611403 0 2.0 2.691502093690215 0.5853885690377268 2.1913576699234554 -1.8142917717827685 2.241672989925081 1.6613465799371485 0.08627827664404536 -1.0078099763040773 -1.5177320550466147 1.4326561975418548 2.0561665036062418 1.1866595141180296 -0.6290204939822752 1.5612888759561199 -1.2337706067554026 0.3840833659150076 -0.23720121837131347 -0.8351719433526407 1.1666964997785607 2.1079320871225176 0.8193695506297292 0.3807368502383809
10 40 0.4836751923590906 0 2.0 2.280887508986176 0.9193681682328809 2.1563466634553716 -2.311922590708824 2.6587687503230586 1.9590172680426183 0.2441470420864383 -0.5681698454857872 -1.569507004521754 1.5379610259603753 1.7810103991059187 0.01905646271112682 -0.5453251684333053 1.5711259023258635 -1.6989204198530026 0.29627625255804657 -0.1725577107400337 -0.7241199057651102 1.7592289338751088 1.9501170138401265 0.7203318728879574 0.21837863812363778
11 44 0.4942010917629505 0 2.0 0.660661000379507 0.7499489904539872 1.6575638380677407 -1.871448668786781 3.005651440003576 2.0391434889721882 0.030043803060551766 -0.6810868843180737 -1.924249693375058 2.0031095463042377 2.761935122094665 -0.2016206664532218 -0.5861892887206381 2.4513934861191333 -1.8175548286457874 0.15737815089407586 -0.15741343613073533 -0.8303670342640767 1.6109499350341165 1.9063503337943142 0.7635439412782689 0.39926828208117515
12 48 0.4973122324719751 0 2.0 1.1463504965548275 -0.0630751753156571 1.036301651836768 -1.6304764134631649 2.477213860142865 2.9659890051614815 0.2168092353829245 -1.1523987722124085 -2.424111635233104 1.9244422333779463 2.110360776297472 -0.8292703724030039 -0.9677483228774695 2.8846126219696124 -1.3232652399858382 0.2907108183161406 -0.3236732757107566 -1.1466741955502822 1.4336933876128302 1.5392512981499469 0.498747409737054 -0.4399478851356435
13 52 0.5027896268859119 0 2.0 1.8387657567619624 -0.3088217893837222 1.0621015502549997 -1.6295783333803637 3.566265590707312 3.3303296637789295 -0.14389958669513375 -0.7314443328587472 -2.796987525006417 1.618240080981401 1.7044881555536249 -1.3095822214890984 -1.2067771268530496 2.56484673325609 -1.4031170970192124 0.31936329979687234 -0.6265968441448213 -1.4266428229463406 1.8843743668732806 0.8875088518192567 0.7107825835315916 0.47448849222799333
14 56 0.5024082522765434 0 2.0 1.8787403020222602 -0.6852076308515876 0.4597765829503824 -2.292466137093692 2.7598265532890345 3.6296923308184037 0.4947452089631261 -0.9782399165001023 -2.08388390783314 1.4926337685037763 1.1011112258235876 -0.742913705311096 -0.7590295440967092 2.898712429951266 -1.12251948812381 0.40004895124951156 -0.671546393481956 -1.4276747085820563 1.2417663424953007 1.3279224546243538 1.9711062167606355 0.47550711128626755
15 60 0.500940103578832 0 0.6231579184532166 1.749988263107449 -0.9757919154803996 1.0178350322977723 -1.840628764546559 1.3673748225542022 3.434180990588011 0.13200338081176555 -1.8138539631263586 -2.8748665151096553 1.253306911123842 0.4246988207312904 -0.4583096827717673 -0.3530892659182069 3.1195597505070785 -1.5023974663639925 0.7415515567554145 -0.9824571846381791 -1.034756044104436 1.895652704722946 0.3886458348493068 2.2399338436076808 0.7292828438422306
16 64 0.495358228611566 0 2.0 2.084207420305746 0.28372219840234325 0.38738081994276397 -2.4447571162222466 1.5910316405749938 3.063069958117376 0.12115394773030506 -1.3090485153799907 -2.4792207057326188 1.1506376041054895 0.5406982178694189 -0.6220014191334149 -1.1965367845827068 4.087093694304315 -1.7700402681504814 0.6238237082729621 -0.7223313837436429 -1.173602073442952 1.807638036075662 1.0357856994124162 2.283465644431014 0.62768989604624
17 68 0.4804287184382757 0 2.0 2.683047875694882 -0.45236993347551013 1.1321858134003313 -2.233129600224232 2.5886412118732043 2.477755741020954 0.8393962876676959 -1.770702343986699 -2.3853539642231105 0.9190341250936681 0.5681986160033935 -1.0180353375101556 -1.0804621108214314 3.6781880996012832 -2.3562389834498214 0.008480426546805475 -0.06628186529664615 -0.6386080008266732 1.2324109206780927 1.3042128293229724 2.4360892861803785 0.11134451903221942
18 72 0.4710364169397076 0 2.0 2.241984980959335 -0.3905910475111309 0.947659449990385 -2.358157044968405 3.3043876567334785 3.6006215458810376 0.4698171321201681 -1.2886470512252859 -2.3682664679731276 0.8242980737429476 0.6631018966125239 0.30314550356100367 -1.3353484171000953 4.1703209527294804 -1.4468187661188776 -0.7277035549310282 -0.6183994497361993 -1.271769916319649 0.9178059514592634 1.2332650776729601 2.449020431042672 1.1696817263786101
19 76 0.46134380070023934 0 1.9090909957885742 1.4871484564946793 -0.7667595331639556 0.8787982281573159 -1.5952731234249158 3.277645196974499 4.553805627033331 -0.5040282441571743 -0.864770522879429 -2.5220568541842097 0.8113859937014298 0.011033812296181611 -0.09386885138044673 -1.6122449527634444 3.6737534360377753 -1.9099411010624774 -0.4471586299319719 -0.802149237424798 -1.8917828469487525 1.9262721845493185 0.5717843622674856 1.5956718333075468 0.7725168786511751
20 80 0.45732816246647906 0 2.0 0.851829162989045 -1.2144477083186578 0.37938094043107695 -1.8862693628132228 3.1942184573827292 4.556257588293679 -0.8709022012303363 -0.5450869501170561 -2.964901746605351 1.7584772056747453 0.5938463113777916 -0.3777345672500176 -0.8851960225558748 3.122100672890273 -1.966475209241053 0.3211496468807785 -0.9743462704353794 -2.2737623163899214 2.045753718640961 0.9705817718130656 2.261927938639098 0.9276975083530756
21 84 0.4652771711730822 0 0.4000000059604645 0.42994777086584535 -1.5999324539915631 -0.16040639674797474 -1.363150619196943 3.5990697300146417 5.393235476447641 -1.1392373346683256 -1.2312347823607808 -2.972008223103917 1.317763111150524 -0.2036564264046989 -0.15673432226921147 -0.35553083180319833 3.8671809336410528 -2.446365898396736 0.06801084060237933 -0.25187261740315203 -2.699696471260048 1.3404846651202822 0.5808647582817353 1.5168607876003863 0.9719623872156351
22 88 0.4654444763126088 0 2.0 1.1873036411510762 -1.811401462178274 -0.23335414175635594 -1.2238056313790597 3.3020463206982007 5.131101210713451 -1.626089244550232 -1.1322808525841235 -3.019981173306678 1.001577934592696 -0.4981221026724563 -0.44454799152032665 -0.7093200723397354 4.12701805244939 -2.268749302236293 0.2726684101544422 -0.39100254409306534 -2.71009839884355 1.8367355607899123 0.7713683286366168 1.2259083600255982 0.1811785314672093
23 92 0.4626968552164442 0 0.010989010334014893 0.8583903283025764 -1.2490239652171553 -0.669800138912434 -1.2225537883400657 2.9876880088094415 4.520353826025934 -1.5655381305576 -1.4268178885338254 -3.468740477080537 1.2106907263083924 -0.33346825454822204 -0.8644646649836922 -0.5293746468896368 4.191896669567515 -1.8714193406360204 0.2568044945765081 -1.0717405470728771 -2.444904264991102 2.4344228651322277 0.8540343520724445 1.2138382111578276 0.020136024585315437
24 96 0.45898220756755287 0 1.8829965591430664 1.1163015308591537 -0.795926787964721 -0.6363491254052249 -0.9544098177273121 3.1272095045632495 4.624905093421765 -1.0381707290511963 -1.4129118326523313 -3.140005945530185 1.1968983165955966 -0.6969924667996914 -1.7248188032277834 -0.5107954194116853 3.5536298315695607 -2.1746189432402705 0.1052357159682244 -0.8332804435243977 -2.527955590858751 2.3063908243691706 -0.6413912897403666 1.318194584763202 -0.030472792007142258
25 100 0.4597188739237247 0 1.9391305446624756 0.09037489520560993 -1.113446541309613 -0.9016268645815408 -1.6056902588615354 3.398461972085496 3.735772449225365 -1.0180221185333036 -1.3519586668065018 -3.311472799003301 0.7066921416796834 -0.6059299986964759 -1.6339251287937433 -0.38528182773727165 4.654887858779732 -1.8732703442932654 -0.1453934300888045 -0.9743581079060585 -2.807602160337732 2.4329500673582483 -0.9546326600955513 1.0598241930098002 -0.3058700073946068
26 104 0.4629797968550235 0 1.91304349899292 -0.8225071750418775 -1.1385683186595248 -1.9160334171328905 -1.0438352585836943 2.967157559783999 3.8467434491671817 -0.5560845460842644 -1.3710637333889473 -3.3711077185509226 0.8340513983752719 -0.47426186626438377 -0.2650701390046828 -0.9536007386531867 4.123179386358774 -2.5502956750764003 -0.4077878343760263 -1.418678737041714 -2.9715360329580633 2.8321143453559197 -0.29067841374993486 0.7814727652756472 -0.24538304258774235
27 108 0.4645590213524594 0 2.0 -1.3020927615428837 -1.3646657558805637 -1.529156908298868 -1.631937074737428 2.8687755017605334 3.49100639460272 -1.3826714551334427 -1.8645810520489876 -3.4358024708968973 1.0947607140295446 -0.08312890542303547 -1.2794592504087714 -0.9873788412024098 3.554854489121076 -2.5547247786094713 -0.018619814274386026 -1.6968154097416879 -2.7799266922076136 3.4949984894756234 -0.058943584316777986 0.24630858189999483 0.026793332805289893
28 112 0.45127214795546317 0 2.0 -0.4349769311982108 -1.9073281776433677 -1.0774351641655726 -1.7347857478212485 2.817246430538243 3.9016834782194123 -1.099942531558475 -1.9727538987344153 -3.491823655167712 1.100504446688958 0.16478680142555957 0.11039551267225223 -1.2779582088839954 3.3685497050785953 -1.6392020642500666 -0.5537881518593706 -1.2478741406729614 -2.7976414922185016 2.8752934776871504 0.4520598026156309 0.3874222014459848 -0.6442441212709793
29 116 0.4447121692545271 0 2.0 -0.10208068782285595 -2.1539991382440196 -1.6883128512760623 -1.7757986719735972 2.660910688825535 3.6028181914330273 -1.0152086317036975 -1.4344308857039545 -2.6328633162478434 1.5806163123128338 1.1070773165061896 -0.4468178899327336 -1.5924873373992308 2.1675518074701916 -1.5133801867307306 -0.5610001333203712 -1.997192489403344 -3.3889115307359434 2.622563161200138 0.15389921854935562 -0.06985312741543726 -0.28925593767957797
30 120 0.44206887023796976 0 2.0 -0.25948958272446115 -2.2023154635856588 -0.7945507720724223 -1.9804428778752363 2.625091300841903 4.209961804939047 -0.9655985513516048 -2.33411908981695 -2.980599348089632 1.615249104622898 1.2387958710947191 -0.09471152313438669 -1.7698403426879161 2.9132021472964116 -1.2145653506575285 -0.28391261852982164 -2.0917031996605893 -3.21521000491298 2.609063158732783 0.26078700465001964 -0.7200756580405498 -0.338460031073376
31 124 0.44725954121653677 0 1.4731183052062988 -0.6672201453683696 -2.2143107205722794 0.5116152917694122 -2.4821381558703752 2.5307697967112244 3.9050696577970134 -0.186496353008615 -2.6478456624748907 -2.075363530697769 1.914527623885793 0.9983096804534581 0.10245770263912457 -1.6866285055952515 2.6791882058932317 -1.4835812484098512 -0.6079201927827511 -1.9697887044915827 -3.3984185317839506 2.6317629248238177 0.910462217387408 -1.4593469979602456 -0.8478374782056948
32 128 0.45151355141002986 0 2.0 -0.456727902049086 -2.2927416368318356 -0.11556897229462076 -2.311564179974301 2.6228388331213064 4.793798197026051 0.5987596205174206 -1.9602624406506575 -2.005996940508588 1.635954780632213 1.9589944421176564 -0.15352383023923166 -1.7066839583003288 3.0097235053450726 -1.3658388070139043 -0.44911146064376 -1.5139355804538632 -3.238793951392925 3.4533801604694183 1.095298924770838 -1.4998533964020917 -1.1654807897512116
33 132 0.4542819147504384 0 2.0 -0.5052585778647826 -2.5052739731356772 0.5379857412155741 -2.5555541964472237 2.303295813284812 4.361782872323049 0.06408437943406925 -2.24006362131424 -1.4890049245985018 1.9331953256010415 1.9848064421375526 -0.2100773349473295 -1.5102554534747248 2.787609848749971 -1.5747481249497086 -0.16272996238674817 -1.116235770947096 -3.3399839964817177 2.7944136636080494 1.24452916554148 -2.196450536064731 -0.8005095979288281
34 136 0.4684614192687665 0 2.0 -0.28606826530191826 -2.617397408613741 1.0511579515841005 -3.0504237301565156 2.331133565637214 3.1811244327329264 -0.2437122656379206 -1.268301754432124 -0.5438815912536046 1.7370394587970501 1.9916879304892423 -0.17370438170586233 -0.9203389150990672 3.2318903122687974 -1.569945234191174 -0.29991076586036935 -1.2231755567774336 -3.1503157932992742 3.398024898873447 1.4913211103594586 -3.034390759526854 -1.4839569588113182
35 140 0.4836963094873428 0 2.0 -0.1305725254905663 -2.016173844092663 0.7839457600797596 -3.431979898922381 1.7733225062794062 3.372889235978398 0.013082481834225446 -1.3777609490850087 -0.5058768742737847 1.1895705948290294 1.5157157749929395 0.12107349366964923 -0.7266341182169072 3.720429133909765 -1.8780433492030786 0.24103833329877988 -1.3271900082572943 -3.380265779164658 2.8622234524229353 2.1456736884445022 -3.1998092994588974 -1.6050679509561205
36 144 0.5000521576169326 0 2.0 0.5361158330163647 -1.9753296073286488 -0.47144750208214214 -4.221798254866095 3.0466671363013194 4.051865380220536 -0.239146001522889 -1.5125870437651865 0.2160718739396974 1.6127410364754464 1.3874321294661407 0.13125382469800279 -1.5611163014548142 4.8909594582844855 -1.8235934614674674 -0.4423470144029373 -0.928795653136539 -3.025868806757636 3.0867527137043527 3.204847112409982 -2.655262541464689 -1.1750328165558463
37 148 0.524624337008156 0 1.9636363983154297 1.3564786056734242 -1.7435926707791596 -0.8533417114817496 -4.823169407589124 3.043189972988215 3.6656755964427457 0.5592250057515817 -1.5713342861883 0.5472703503882697 0.7435736106442029 0.5247409458362567 0.6246180958953307 -2.493826989337556 4.330824435514039 -2.095091343350146 -0.5585828703787981 -0.3625418438227276 -3.2647530282526396 3.084544320010438 2.7955437871623046 -3.084188364141198 -1.1018101764902577
38 152 0.5501292817732617 0 2.0 1.0649955775553244 -2.132481980550902 -0.6000681591836203 -5.327439058129614 2.954066270266014 4.500460278727637 0.585055202971121 -1.1690153937335763 0.28019233955613815 1.5412416987924413 0.5104618026290229 1.267452985663093 -2.335943977561911 3.7795100538126807 -1.822278972795293 0.13552230168353646 -0.18921665946774419 -3.9653125204613535 2.672938237471325 3.010800843265247 -4.345774092354079 -0.9504029799926764
39 156 0.561346789634336 0 2.0 0.5609272076294022 -2.5899744968589586 -0.1670465862352391 -4.691432500974629 2.986319460413578 4.562782707164674 0.7951994730240943 -1.2990094063146351 -0.04932554459911573 1.7528235470323512 0.24903356722505943 1.2970705231683206 -2.1360652118565397 3.3345040923690297 -2.473366769647547 0.2626710514745051 -0.6455896173834754 -3.9801247257611396 2.5788343705223 3.9404684828398047 -4.147169118752348 -0.8154674059270303
40 160 0.5594200584029928 0 2.0 -0.33516738608207897 -2.403161421558833 -0.5447172618011905 -4.55060452031201 2.16394711812537 4.188619924452666 0.6297252211647979 -2.2438106146311654 -0.3719123985110767 1.0055196491048426 0.4202001070568147 0.7141075589840736 -2.7216351957419276 2.830791407586416 -1.4135456744864328 -0.44791687576394246 -0.5952504766344717 -3.780845848360877 2.5871506898773964 3.562131040596006 -4.411313528669996 -1.3071700768056869
41 164 0.5637746210172049 0 2.0 0.39068335238940766 -2.5071724021665727 -1.3036800548433942 -4.6903212947304365 2.0239805388285728 4.305781629178667 1.249106128338653 -2.5337254738708057 -0.727712541875168 0.8574869479791078 -0.11467272453353064 1.7311702606280723 -1.890384649264158 2.9792348165544023 -1.2434337994192401 -0.32188464372321623 -1.1645890019412766 -3.2400449855565836 1.8430127756965322 4.561251762805478 -3.8176636885940947 -1.7335636477405654
42 168 0.5718095180012669 0 2.0 0.6008524776793496 -2.3716836912574313 0.00029485461085498876 -3.591574467572398 1.9532708083882133 4.178364215164954 1.9696656198860292 -2.2262012862262317 -0.3770586830028534 1.2389216658844693 -0.9595732633836639 1.71398921526644 -2.8999110233797536 2.5397765352772796 -1.4032757820460642 -0.43684005319714925 -0.289700114996443 -3.890783990778068 2.044875629497121 5.636332985971825 -3.6825999466042263 -2.0844413535916484
43 172 0.5707597117840276 0 2.0 0.4298030013243958 -1.9065917662350842 -0.3183851397445174 -4.326862031713519 1.7831300692821948 4.624561060829676 1.113875498062971 -3.8102776677987933 -0.5911065323038379 1.076029794205426 -1.0359604624176613 2.1425675058455167 -3.1247618634411287 2.617544481904242 -2.0634753799964636 -0.42974970059815737 -0.6156061027403827 -4.0447521080158 2.5504596487954805 5.372094827364123 -2.2989962380953495 -1.466858414734186
44 176 0.5850731484682732 0 2.0 0.21340299014353406 -2.000601335199797 -0.7909340239563154 -3.891594029303713 0.6583713127998156 4.562937245550738 0.6214874381538377 -4.085920720268338 -1.1691172445427183 0.7292923124510517 -1.8920028218949252 2.572940761344522 -3.725452088699625 3.723044646292099 -2.687338213183428 -0.21905739199294766 -0.014303813853439484 -3.9166486375602294 1.9906033983681717 5.558428992879864 -1.7479128811162035 -1.9980992736551089
45 180 0.5933298152443559 0 1.6800000667572021 -0.08117322338955002 -2.0512221170462173 -0.47174796207482356 -4.496717995508932 0.9394444028947998 5.016069935072757 0.28108332411137427 -5.024519244517581 -1.1462047342881623 1.1230375762708846 -2.071190841450824 1.9965483331942449 -3.3262961785430223 3.9063468947278226 -2.6237702901763016 -0.9252196751042058 0.49052784911371705 -4.600720822587023 1.7669049618820496 4.544145485314495 -1.5197789410935267 -0.48914521421297974
46 184 0.5946578279114239 0 2.0 0.920916730452812 -1.4791749969943382 -0.797031506073022 -5.262797375452448 1.3676014429044834 4.364004481290331 1.1023860060457982 -4.077451571469615 -1.4348792051367139 -0.09465641432092675 -2.209524632135348 1.792790936428917 -3.2831074069330404 3.543642532488751 -3.1367371229182273 -0.514426369994029 0.5403480984182369 -4.700257623294416 2.6942734699783832 4.077283871479696 -2.0154429209104268 -0.011783900214192067
47 188 0.5925731588199459 0 2.0 1.3034471984609262 -1.9543089715863224 -1.0499881721658166 -4.991567705137171 0.41707656614975863 4.715388674674734 2.637931345457919 -4.260737686679883 -1.014601517427527 0.003859860432835649 -2.1440791726559745 1.7149594513459738 -3.2569999020711893 3.0320118427250455 -2.722856661977297 -0.6813834834224185 0.04775670995471104 -4.641465016919973 2.7674244205161855 4.823928353529018 -2.060664018754038 0.1576693410551792
48 192 0.5857028236962821 0 2.0 2.3811801016046017 -1.71861819447903 -1.6099850693208164 -4.368108313347918 1.740792522480762 4.030533647028881 2.3437930922963037 -4.2421039163643055 -1.0651903358140555 -0.13635059173352312 -2.368482968243587 1.2726888572129638 -3.3062415941024166 3.1389914659012232 -2.4456683755206226 -1.1835085346823457 0.412787228153342 -4.776099178470319 3.3249524921364717 5.255346760714469 -2.7769108830187084 -0.3056881815814476
49 196 0.5715864872062252 0 2.0 1.335318160225662 -1.497614209782776 -1.9435903145135218 -4.501647882847167 1.499148555557664 4.733747167685047 2.2556870955535464 -3.3523449264577985 0.1977030296650386 0.163109273118688 -3.3807489484232525 1.820259916489586 -3.162823629643231 3.25688137397855 -1.8727198433483703 -0.30244309917503964 0.5267027595433261 -4.372641477286344 2.9222841651137914 5.724525456994652 -1.7342722192749256 -0.06282412026811077
50 200 0.5513925491679394 0 2.0 0.9908257916696135 -1.6271396059070433 -1.5064619147726208 -5.911789662082896 1.8799486245135821 5.809771652914777 2.3264139104556634 -3.288174943080234 -0.009897793053916026 0.7125454654676706 -2.8423531295957805 2.0989026849056582 -3.0671196609263878 3.055484904646266 -2.3912491098802526 -0.4783788768458641 0.8592453392158443 -4.803968930813328 2.9253043241962673 5.406403536089136 -3.0468973779971966 -0.7538119805320078
51 204 0.5399955513761262 0 2.0 2.200486379957579 -0.7999640354271967 -1.3982371581269077 -4.53000570223472 0.9425994398727765 5.592577533404 1.2756263619182506 -3.87782650499166 0.6126268438901331 0.6531666193154565 -3.435773183959231 2.2429384685507507 -3.050103436106912 2.9018061171803544 -2.6409111714626614 -0.15981389363984141 0.7658562856936776 -5.2772923899792445 2.399598353423606 5.4169791261431675 -2.743944435572304 0.1486539454320459
52 208 0.5235025795157112 0 2.0 2.350452672806639 -1.0519286800161851 -1.0377665049101332 -5.006465085497581 1.0661256794947054 4.869954301853769 1.1174237845438717 -3.749824807014777 0.2775262204612745 1.0084995934261032 -2.7478730917458085 1.9997270367890645 -3.9659705930697244 2.9895796127894436 -2.8595467416412377 -0.46087227460911123 0.5683072636929583 -4.8442430283177895 2.8033537572174154 6.882758525982441 -2.8182356945712526 0.2897087747221987
53 212 0.5019154936209262 0 2.0 1.8232226429317389 -1.4428389900513077 -2.0372369356424405 -4.767982474816328 1.8950383815835707 4.045629661981874 1.2007043544928295 -3.8689426124520514 -0.6373730849925464 0.35244845856575113 -2.3865012960752012 1.4183719896646163 -3.834796103276343 3.5784586113184167 -2.564908932276339 -0.7352065386272251 0.840848903627756 -5.256507759574259 2.4304900401557554 7.560225090773044 -3.5197159254314374 0.2507153021687482
54 216 0.48697603989480825 0 2.0 1.8736845863063063 -1.4027220284961666 -1.199755608862082 -4.057297925016591 1.6542130273094287 2.755514373994714 0.5135652745695706 -3.8932595909043766 0.04676989735669401 -0.06162509808045291 -2.3452123216582548 1.3644731863649613 -3.6876364478483574 2.4078997299879465 -2.236112444225304 -0.6374113064301719 0.5374680490071629 -5.581675118561061 2.0092787958460634 7.035660498413478 -1.7631975820098453 0.7276746499194379
55 220 0.48380540426473617 0 0.032258063554763794 3.0592043691913675 -1.779935885033028 -0.7756480756115229 -4.0019625553997 2.160944673834818 3.445009534089768 0.7077529308078478 -2.6544372461371077 -0.24838884026102245 0.14953907621486973 -3.9316801574058453 2.5498340469022405 -4.497696965750295 2.991919002494197 -1.7476277967316083 -0.48108964261374443 0.41324398072308854 -5.328884725337391 2.021536750759418 7.120734559982238 -1.877729797750579 0.9771549884200263
56 224 0.48128919807122583 0 2.0 3.3292973366577643 -1.8544784691003857 -0.4210789511948436 -4.4798991842625275 2.013872381268613 3.800532158108679 0.6225127337438642 -2.0759826894248863 -0.5784023468773347 -0.3971457705260042 -3.5389412512320435 2.2559306795824607 -4.132090454217531 3.0196972700590297 -1.887047717153189 -0.5425982538647919 0.9921072951308368 -5.604098429670121 2.5774886531659438 7.6179712137305815 -2.620583074137679 1.3893426997981264
57 228 0.46784501624623953 0 1.8181817531585693 3.5451744942337995 -1.975496790906499 -1.1072753485613174 -4.869763252809296 2.5028068033251527 3.017835623246212 1.3501851005867693 -2.7013763746541413 -0.07274884774774909 -0.2985715907714737 -3.1594173021593113 1.8193623200354994 -4.224729203760328 3.190030805172226 -1.8577649315375746 -0.5609635927846836 1.1898975034436516 -5.812512071887081 2.693240573157628 7.310299327184788 -3.100643060089575 0.5560016493126683
58 232 0.4441132421458776 0 2.0 3.4199368512393775 -1.430896273096042 -0.8891096512528249 -4.525980046547143 2.714956893039783 3.678339292912603 0.8606539548224048 -2.449762216937276 -0.49831630303545194 0.02386812968927593 -2.492557348335181 1.8773369546203889 -4.212787918035575 3.1327317845437483 -1.6566855653060366 -0.3167295523285104 0.7904321874337088 -5.915478201177231 3.0306011332301317 6.2289932214958466 -3.4484823959451383 0.6454569842428588
59 236 0.4278003934966422 0 2.0 2.8549789904810643 -1.1016586704130185 -0.38239660083515603 -4.511617617600909 3.3740851669229874 3.1088175429462366 0.87876396713517 -2.2649104509850813 0.3518325267714034 -0.09818408157082165 -2.6768245174756298 2.2795106590744862 -3.3080776487290273 3.506341318815827 -1.8440823403894935 -0.1980259334749038 0.5933424875396413 -5.264144878752439 3.0560019203270627 7.461417294460852 -3.729160193344173 0.7215018510042683
60 240 0.40886176669481017 0 2.0 3.482675915684036 -0.9512438039910407 -0.6752196301312787 -4.095145151679339 3.7462282321090266 3.0799735608223626 1.321326478405074 -3.0241336880846332 0.1589587344222948 0.0704698982312694 -3.080016356287899 1.8885974731236936 -4.039013392085769 3.9293428304862092 -1.93782952662752 -0.11506068915739746 0.4352564688157216 -5.70136571848992 3.1969634516331826 6.959174764544409 -3.7455198265950376 0.27455765719335334
61 244 0.38912562823687175 0 2.0 3.122956466593618 -1.24823598403469 0.009141554551295616 -4.043397928479998 3.2896382103944957 3.161824888071868 1.1266005878921226 -3.136055297286593 0.17503980109815043 -0.18271646751953582 -2.839467705812533 1.7886133709877896 -3.6272089611013363 3.3950448860569082 -1.3254886343316983 -0.10246476295697479 0.5659295371413342 -6.068655906000035 2.958839501491613 8.021923128333237 -3.8757698657191995 0.5333994234222248
62 248 0.37111767587317157 0 1.3188198804855347 2.497653803267698 -1.39602909067079 -0.2958865620802229 -4.530523441215525 3.5725592260391417 2.9163404176114134 1.5680002191929414 -3.0457324581719503 -0.29506887382038793 -0.14433840308036047 -2.98855971506313 1.8442344956703922 -3.6162273151917947 3.1407316708644677 -1.3573293889240057 -0.01602028693424068 -0.010310258442898068 -6.407186515490595 2.8919499755961273 7.475748514239791 -3.580538890597998 0.4517751033869623
63 252 0.3574015595029511 0 2.0 2.479289649787453 -1.5164025930735676 -0.09147837078858825 -4.352161911836094 3.791274303096592 3.0778791348793066 1.3695119995247202 -3.15931799903934 -0.4343816556948238 0.10920448752821454 -2.6508046206474867 2.2324079681388764 -3.791086241149467 3.0562665275434058 -1.3577936264014607 0.032137505172451106 -0.573058676530629 -5.343998814978039 3.1524697877561114 7.8813604340943515 -4.163946734997488 0.7147151881298166
64 256 0.34507485308913644 0 1.923076868057251 2.6776086616047974 -1.5334193686480841 -0.2837788237980027 -4.277004052969327 3.3763228744446505 3.1198378756769136 2.023198367086777 -3.1776759592385213 -0.6307852979944408 0.25069618879385663 -3.0510852862153843 1.876114740695897 -3.6614382727332218 3.253114652909521 -1.2322328578070147 -0.06997193939749775 -0.49195587589338224 -5.035860970718116 3.081432173697009 8.707480021419725 -3.5621023182669314 0.7676104225877473
65 260 0.3373107456213004 0 2.0 2.5945449693638425 -1.8210120099790192 -0.8679586657289485 -4.693544485013408 3.8594905305135385 2.7925157545661956 2.2347956255533803 -3.4376155727530553 -0.5815686027178502 0.44812803692432485 -2.842261361524206 1.6910416323045299 -3.506664316686781 3.0913249593344 -1.3927491340558933 -0.06913986422021486 -0.3150857786578515 -4.760888415234622 3.13988411147774 9.246637197554563 -3.970027283973619 0.6350302236972756
66 264 0.3331277937088824 0 2.0 3.1491442544744324 -1.8461541211643124 -1.3284795051985037 -4.601918904349197 4.4302959050480775 2.665257038483773 1.6997835062209439 -3.3668300071750976 -0.25856059465124914 0.318518370463269 -2.819772493149867 1.9997147080978996 -3.5202481150500686 3.199187160365149 -1.0922199653013345 -0.1735869240858884 -0.30918990583057143 -5.308770441603799 3.63011931013284 9.32559135267358 -4.066058432549484 0.5230649855195335
67 268 0.3347613357733197 0 2.0 2.689260085448808 -2.0224048461179427 -0.7247370421631603 -3.771768463488837 4.58363470825792 2.3576752396674516 1.620729420527451 -3.7160032253555664 -0.2754120912537865 0.3750004388903563 -2.8520172309087886 2.1420266262560985 -3.3402957227856023 3.2549402902982285 -1.268450786905839 -0.06678007928009277 -0.5313569704079244 -4.8370955784968475 4.066538084414425 9.047669934788862 -4.013287638204665 0.26823958256735464
68 272 0.3288992995906883 0 2.0 2.6536853401625153 -1.8574497601224667 -0.5738788074636467 -3.430342962593964 4.272366301482721 3.0495467826518694 1.5847570804164184 -3.4369139661081483 -0.49616768338729744 -0.36786889343194773 -3.470385212026981 2.7763989032842913 -3.619252447460788 3.0975477118912433 -1.1889688370771188 -0.1773451444055706 -0.12413960951802044 -4.816273547914916 3.5450316000177917 9.408830661162835 -4.397627399615512 0.4887377285233664
69 276 0.3188550386976622 0 2.0 3.097478746880002 -1.517735186530913 -0.7478864476974306 -3.4566806891433806 4.248752110247879 3.17916284076077 1.244099661576048 -3.2862117793478696 -0.3008359907309675 -0.2074648456574632 -3.0356770771503903 3.043553048338845 -3.2114459441338292 3.051663387296978 -1.6649013029235822 -0.18715738129058315 -0.2155024532174124 -4.504462095305496 3.0467140059558444 9.319400807696377 -4.334973736247359 1.0143526419009983
70 280 0.31224385357421475 0 1.5036232471466064 2.7212279827236294 -1.3590658527187793 -1.0900393749249961 -3.540881565900237 3.3047889442940566 3.5357473894058913 2.0814590422530235 -2.8943269046647266 -0.046959445072074835 -0.0276547022854208 -3.2015655906557763 3.2758137697047296 -3.2618097691765056 3.0990369706260186 -1.7158038629887202 -0.11182092727955315 -0.5524646426591979 -4.564366899101303 3.5985648384553413 8.959223134495891 -4.786589832914692 1.0802828281569765
71 284 0.3011012048985031 0 1.878787875175476 3.4800558474998207 -1.3414603810473045 -1.0866285447070374 -3.4509549527259478 3.0100310269191692 3.48085183081543 1.7396679303504337 -2.7302814375825974 -0.6881067324717585 -0.22071570988060296 -3.1329875774744536 2.982857559208732 -3.5533440134065493 3.0443820637424106 -1.5318278765250917 -0.1661760840575829 -0.17370983522657613 -4.985067724240519 3.1459061513724382 9.446469470336424 -4.633537631882038 1.0439848728817969
72 288 0.2918853985336259 0 2.0 3.119446131676481 -1.0545064561156046 -1.388314588685168 -3.5273890477737972 2.940460416723107 3.066533293317939 1.6892281493441863 -2.3278915678250627 -0.7607945978683783 -0.25312057925368964 -3.0418359003587105 3.207671878759931 -3.5234044114192105 3.216597600224428 -2.138389505497228 -0.018203885499344596 -0.42210483735052995 -5.156686079840956 3.4202054909031716 8.963725086914495 -4.757295878274471 0.8778068671123791
73 292 0.2872596347449912 0 2.0 3.263247550434663 -1.1886364125279196 -1.1642530704581193 -2.9949573445289293 3.0472006008138544 3.0919288272018908 1.574545060319156 -2.588190348707645 -1.177547481180589 -0.4210089171950908 -2.8436739335396037 3.4121901263977312 -3.332805904093965 3.0552437176683904 -2.365955214035985 -0.07050091845292061 -0.30458676871553964 -5.259274884673866 3.5071540532117376 8.76022407821717 -4.45245100046083 0.8383441112502958
74 296 0.29143003846017784 0 2.0 3.5084996082100757 -0.964319411590038 -1.8452781086120944 -3.105447227248757 3.8381380757902135 3.8270601286502455 1.7828251093225578 -2.7456783228001105 -1.0384907838433624 -0.5555756173104629 -2.6872874253332086 3.965699977612664 -3.4201646094158527 3.4095172880815694 -2.349101861089209 0.2353064790162348 -0.3700397818858857 -4.944695168694263 3.8015354553416594 8.69539375410144 -4.701903865014559 0.47873557327412514
75 300 0.2899209082313052 0 2.0 3.5808637094899 -1.08520975308541 -1.891321545240643 -2.7868244819811943 4.015865404351586 3.280840085795445 1.69315940994355 -2.807881900855711 -1.2295114422736488 -0.24651732465689513 -2.5260096433848607 3.699786235418919 -3.2596856604089886 3.333664827557812 -1.9444288605876299 0.32635862904438345 -0.6149614802018813 -5.110252205224999 3.3976785397774725 9.233361834808957 -4.826847894021644 0.44966227799421526
76 304 0.28728350011716003 0 2.0 3.538732766811529 -1.2628548344236923 -1.9585771889353174 -2.7668838746244333 3.5952513591368316 3.4270507403773993 1.8179636866021545 -3.1910100657493716 -1.2281155845268972 -0.18993603731762443 -2.4496068412162884 3.6495329458307504 -3.6775133322854154 3.2304382746099476 -2.1077782975431103 0.44421902064852514 -0.8455810793547558 -5.470403053672409 3.3433989307747893 8.69811645749188 -4.557734529714465 0.5378086388682461
77 308 0.286031194558821 0 2.0 3.4932570674703802 -1.395909038734497 -2.0368453277061693 -3.0403026536353672 3.7447852501390186 3.8314313185166498 2.187952037370577 -2.540307308137535 -1.5881984005673209 -0.18163066227526534 -2.365916957292584 3.812794996090723 -4.075546949457546 3.1023416514752715 -2.2685063231915987 0.29344595098532716 -0.6211259888668117 -5.625316400605904 3.3522914579902787 8.500245529470757 -5.042787349113082 0.8734180629577832
78 312 0.2854748210566739 0 2.0 3.291248415679642 -1.6170264028741592 -1.8848579754634316 -2.83157736156587 4.313110579174414 4.227796083732923 2.147069761364283 -2.9552780281578883 -1.5428793217512986 0.09571821968703359 -2.588919055782455 3.8810951078785707 -3.905110019179007 2.8470627872955823 -2.2199191495544284 0.39346822248969765 -0.5134252074778117 -5.6430384503014945 3.185018694886014 9.328266277513679 -5.248943029713498 0.963261713331095
79 316 0.27746095522127856 0 2.0 3.5505881722120267 -1.5397268062022302 -1.4821836122116365 -3.006373566495415 4.513470129188896 3.9410945656860874 2.0047347474112627 -2.914752234559022 -1.617979002335002 0.07151536916702456 -2.45376755099058 3.7092148094396324 -3.816398145918516 2.6951192279964453 -2.3752566492233393 0.15274776924113143 -0.5937674229423402 -5.414620596302518 3.264151796826824 9.524256129829501 -5.6482133978432385 1.0575419661493106
80 320 0.2769958775274674 0 2.0 3.6362713049211997 -1.6629021588047306 -1.5017336809449726 -3.122950582110531 4.464992109033366 4.341007133620802 2.1974402235650414 -2.9243492199943244 -1.3740252042770098 -0.12916189462370822 -2.16143926979848 3.4239636831742075 -4.1714489758645925 2.313787471896619 -2.2882318917118285 -0.053518172506428735 -0.9338091899274958 -5.401961518451751 3.5718104652699396 8.659836592864533 -5.89354455540718 1.39833793584955
81 324 0.2785313476747525 0 1.9444444179534912 2.969667771785001 -1.6773215244875601 -1.4155402147404863 -2.6043179095073277 3.9915817319769666 4.1525477506413715 1.9250817752671097 -2.777921441915444 -1.5379572163619362 -0.047981773245212585 -1.9992005192607607 2.874314725869681 -3.93087448089712 2.5174356721181876 -2.598670793524625 -0.43019629095801337 -0.8133462086279328 -5.40813184150273 3.6025146849672085 9.639727071800223 -5.944729931724409 1.4688277145529176
82 328 0.27286532488969845 0 2.0 3.5391123100071975 -1.5883473145013556 -1.2993618514034886 -2.523321338546018 4.1145585609163025 4.054107139016541 2.04370127036639 -2.756443886335893 -1.396224588101305 0.1212871041568945 -1.6429223828757884 3.040525081627701 -4.026216081390715 2.584364418881649 -2.37632776779577 -0.27089218030343004 -0.8950220304497783 -5.506608270529369 3.3830627137965203 8.89495668720074 -6.1857743478584615 1.3845507318343993
83 332 0.26557307969197624 0 2.0 3.72373123257363 -1.4862808333287558 -1.2994779178248 -2.334592983709695 3.291234935608978 4.14933789019432 1.8410411264904827 -2.901385572251156 -1.3552692022188437 0.16746637091208663 -2.4149429372398266 3.2975742765131035 -4.144243623018335 2.8828661734896506 -2.3753724281486868 -0.3472200289624527 -1.0044562479150636 -5.5083635483929445 3.23853247416231 9.22900454370844 -6.109995615167608 1.52404131389353
84 336 0.2596956788463445 0 2.0 3.775008642519612 -1.4385140045483324 -0.8603773079938628 -2.7103177639937286 3.5025423569258853 4.394043295373487 2.1268035439366098 -2.94853051253979 -1.7105790197347015 0.30455987184523303 -2.3944690373748365 3.5542003434368445 -3.9187179927536895 2.841235527847365 -2.025674163180711 -0.00900218568062544 -1.0945750754006016 -5.364768849129577 3.10323372874431 9.447752913051605 -6.236216312397311 1.7671581000707328
85 340 0.2545728757540671 0 1.8399999141693115 3.1135845274956537 -1.4230529002275019 -0.8536442769194061 -2.8033542456836082 3.9974291376653035 4.528741638309866 2.0943629191243427 -3.2935581635116895 -1.9288708830035646 0.09775402052969806 -1.7347057049784549 3.3662390784624203 -4.067472198703607 2.9546515288236064 -2.1101207973188063 -0.33166661460165003 -0.9293261997380382 -5.283719334949846 3.5444792670731906 9.777738791528062 -6.075478660680176 1.9461113041664428
86 344 0.2478382973386532 0 1.835714340209961 2.8984481075208226 -1.344415093374944 -0.46619381246565933 -2.858427130916394 3.4802437293525985 4.389044325190398 1.8235018542572343 -3.4488803249574067 -1.9146664705853038 0.04212307739833279 -1.668657724267359 2.8110293737093643 -3.982994463188375 2.6300223825501017 -2.581454760802488 -0.26473860682404715 -1.0275649628973402 -5.594528814349246 3.3444362793634084 9.025539169633214 -5.667612059469086 1.824181612888899
87 348 0.24432656832562893 0 1.9285714626312256 2.9360949986171763 -1.5182379970125353 -0.49914986243094883 -2.9633623308506682 4.275539289843463 4.557446785377964 1.7256969827471538 -3.417791959482285 -1.8514970316148625 0.1509661990444574 -1.5923102881274285 2.612464442820115 -3.9803823382909838 2.9341659270923985 -2.6538278906300854 -0.2981159929760913 -1.0381394722194444 -5.729313236006878 3.357477929335349 8.983067662659781 -4.8975108560887435 1.968949073612431
88 352 0.24296821644007194 0 2.0 3.131526360249572 -1.3972707475429833 -0.8610928851176669 -2.2906507538603096 4.528310457995487 4.6712099039679025 1.7236698841170772 -3.1928958169414177 -1.8895476842208008 0.1505035243873612 -2.238802108305233 2.2739248447897693 -4.1955308153429955 2.9909399377039114 -2.7568497213164638 -0.11160965208371645 -1.214728276518694 -5.828668922495732 3.376313233523188 8.905824747502205 -4.82454029568045 1.7353068344425282
89 356 0.23779115480458324 0 1.8841378688812256 2.864973293113846 -1.4161166661630238 -0.7201062486561197 -2.039813131408803 4.477377308197147 4.292714774911936 1.8300664222279404 -3.405268002365753 -1.3535100710847754 0.03445861421758367 -2.1846618968224973 2.510663832683987 -4.123787468626533 2.899072198338113 -2.5083576612663383 -0.05291771130800721 -1.474699489541336 -5.591787641889449 3.4752975750589723 9.128157616096992 -4.272310167700393 1.6562483239897157
90 360 0.23875843351259438 0 2.0 3.0187252273895133 -1.3645889623512313 -0.35039147505414947 -2.327723893697155 4.637367883556376 4.541889030639111 1.936755374081097 -3.5130480295535333 -0.8263862970910134 0.045887059578974904 -1.807813111864439 2.4943737777668846 -4.292741524912124 2.5964550628831744 -2.5962507936268033 0.017529264110474785 -1.359662420493598 -5.958548906816089 3.484800259729655 8.988644266724567 -3.83754109424825 1.7164902029028364
91 364 0.2344046686144734 0 2.0 2.989576843701515 -1.2441519212026475 -0.7030708392508935 -2.4095703646326707 4.45486181039135 4.345187638013404 1.8997559375945423 -3.1708480576563813 -1.0711920010603502 -0.01264145533811703 -1.7957248623789113 2.5528723671755493 -4.632762893936622 2.391722152780835 -2.629588154557537 -0.05407677348778017 -1.3393293986865418 -6.032080651108573 3.4726788315994446 9.565365286598558 -4.315680543375637 1.643117694624422
92 368 0.23071745043671962 0 2.0 3.089278131118576 -1.0653810210578216 -1.0448009288161584 -2.352817562118089 4.589043780369327 4.250627431540008 1.994416146317879 -2.9332234342618815 -1.3509787867989105 0.007246851047957232 -1.6026049694714077 1.7909825712910399 -4.712467413084281 2.8104025677169275 -2.7746627089081173 -0.005695702906638789 -1.1484072660775397 -5.972229910915093 3.58445660511242 9.437184698014592 -4.429214764878437 1.8214928894127929
93 372 0.22965536417454144 0 2.0 2.7454458969984703 -1.0443596131851827 -0.95490819445985 -2.4996327288515405 4.755818131764378 4.3648788578899165 2.019152296755928 -3.3177044514352665 -0.9500403165624285 -0.0009148056059732172 -1.787081434350463 2.1128492053912376 -4.840941617920735 2.4942921445821575 -2.936644834977899 0.050264831708777435 -1.0083540987297845 -5.922452441242104 3.3077172349068924 9.884089879744543 -3.824513213403751 1.7435596553639887
94 376 0.23187253730774976 0 2.0 2.5305666052195055 -1.0124716456260492 -0.7682109700364662 -2.597691820330379 4.912152900170121 4.384670256313979 2.0154735564889164 -3.2620805629175567 -1.121958794132878 0.09421857192339236 -1.5022508956703848 2.255581022890481 -4.8726445929237405 2.746315758210495 -3.223216320748009 0.29538481843631226 -1.0572082084142427 -5.997519996874325 3.2593824758989793 9.517659918473369 -3.601801895214063 2.0481113749148645
95 380 0.23098850960441739 0 2.0 2.4864584250377657 -1.313403175221773 -0.9807619359860578 -2.9598657811065823 4.757608267935744 4.162114708399589 2.158388261688116 -3.475679338243444 -0.9190072859891241 0.06698179410927455 -1.416799298188128 2.385023723098911 -5.037143656788561 2.590853568054086 -3.1608785464401237 0.21443984149658307 -1.0862756297657785 -5.662609488666848 3.305156291270307 9.486875372565377 -3.754466971529791 1.7307211863815881
96 384 0.22914461841824896 0 2.0 2.2624001919963206 -1.2076546827661911 -0.6776195030088661 -2.8921422005637925 4.375900874304946 4.048653283999769 2.016001421852732 -3.695030065113562 -0.932415651133747 0.0007344300050752921 -1.8016866723204954 2.594814081913606 -5.016261275603766 2.8542432497607457 -3.491073345470939 0.27477276373679205 -1.029500370228848 -5.787707291341478 3.5170525854613195 8.80341881843429 -3.815700016746514 1.803681924750126
97 388 0.22656464869725063 0 2.0 2.2465463696663486 -1.0688731906595677 -1.3383164947986987 -2.8402462874166616 4.700463147725392 4.090316078123446 1.9029214575617062 -3.734751826307136 -0.9238488291492644 -0.0015665450465035362 -2.0438625905597974 2.5797243990393897 -5.255229399391534 2.2835254849541524 -3.2167518012939897 0.20176776547212566 -0.8809136695116815 -5.522912661352616 3.3514969755064734 8.99137288979172 -4.576391595958009 1.8695561514672259
98 392 0.22621469644119951 0 2.0 2.193100879577483 -1.171550435656401 -0.7051984559627453 -2.7073225321465393 4.824429216625401 4.108594949743411 1.9061296782544441 -3.4586284713157376 -1.1382619462918622 -0.047295284643744294 -2.110039086204761 2.5794007151199074 -5.551537066274573 2.3005423161211382 -3.3678055000358245 0.22508908107660555 -1.0423433565271902 -5.36662426966016 3.0498033694995734 9.109320593359474 -3.67214768145105 1.67430854285873
99 396 0.22377261159302395 0 1.4919354915618896 2.4444140770838034 -1.254814833490372 -0.9103210280084876 -2.466037619856551 4.720268267320791 3.8604593178941204 1.8543313526439422 -3.134596538018303 -0.8284191401548898 -0.10321145912916413 -2.215239053919713 2.0378199506609227 -5.549593326645716 2.5874035607653143 -3.5994694755299923 0.2761268847563294 -1.1401318557440818 -5.462759496902772 3.0002075565201323 9.24159900125796 -4.387793292879699 1.9073913900429804
100 400 0.22257548315376835 0 1.9490323066711426 2.4047903092682517 -1.185808666841197 -0.8436399776022965 -2.0890931537529243 4.543384952010436 3.708117752065343 1.5211879665807695 -3.5053351865743263 -0.9731522910345278 -0.18591134101784917 -2.369255586218889 1.6815224899052446 -5.548583292690331 2.439601003807884 -3.250628888477179 0.19221140322915997 -0.997375462116784 -5.457842214500474 3.145079844084171 9.079538474843948 -4.699240458737451 1.9710236191099737
101 404 0.22448402551904453 0 2.0 2.5402417909339183 -1.32278240371555 -1.4888372065495683 -2.2647485033922377 4.531922293442879 3.6974620795599757 1.513145187174694 -3.177347341493736 -0.9458038144539447 -0.18089893874980167 -2.7865398436109556 1.5572983016447846 -5.716327815664058 2.468407580257616 -3.216615807924947 -0.022499010089723492 -0.9581804668248369 -5.761596381642108 3.0379164490297734 9.047713547326191 -4.2275381221417625 2.2640061979527837
102 408 0.2303172297320906 0 2.0 2.43565516686382 -1.2158181547899387 -1.742045366017857 -2.4152311255451804 4.961296359864177 3.3876659197262105 1.4790769297734536 -3.0669203946858987 -1.0034750839274578 -0.20779158699701156 -2.7462250111985673 1.60033024694118 -5.7085082458786225 2.0715844983134803 -3.2099644620002303 -0.053558730503196234 -0.837899469032477 -5.558869012633555 2.917869047350573 9.56926448208711 -4.056369535241828 2.2972327694354253
103 412 0.2333791866678726 0 1.3404186964035034 3.049291239871752 -1.1830451875887735 -1.2700225045258104 -2.4197730366735812 4.948208931624756 3.4221679135268634 1.6389458151638026 -2.7871647200431227 -1.0219903908793126 -0.2004156046119168 -3.0002635957264188 1.3890975888252595 -5.558894306457089 2.2249193380937347 -2.835841183909235 0.01715733990020863 -1.0929557594004236 -5.417510959436214 2.6837602376888356 8.639863050658823 -4.258673904352714 1.9978492445258744
104 416 0.23281692656814995 0 2.0 2.440155002875961 -1.0436404170769558 -1.4418555381983338 -2.225877406818786 4.911104149469685 3.5736202928377474 1.5953106690672902 -2.5078038805657803 -1.1449841298691872 -0.2604032768586386 -2.8186077420278863 1.8758227681474815 -5.776262620460265 2.280487166161508 -2.871350566116599 -0.26406326740298536 -1.212826049229632 -5.284411137864398 2.9018978124279977 8.556708171391303 -4.363386346580823 2.0979850209648956
105 420 0.23321553722079116 0 2.0 2.1905574364353275 -1.1702458881628082 -1.119026906756162 -2.1140394022974376 4.520411904135648 3.4617545118883615 1.4214759209432106 -2.67238087175787 -1.4686441566723274 -0.4440049207634722 -3.085974150261715 2.4059392737546723 -5.8452208417546 2.2730983886229166 -2.2382789661953413 -0.1514428812621333 -1.309001440273486 -5.631141710705459 3.047923304760418 8.762687803033815 -4.408086693386959 2.287688479588658
106 424 0.22958258335369316 0 0.5647075176239014 2.7235291760427374 -0.9555578053814271 -1.527091139037804 -2.6238902689928323 4.682450075043326 3.7101209748542003 1.5648499648882106 -2.151392546840416 -1.3182334438453196 -0.3162371263876401 -3.1292367675037625 2.04647077615883 -5.991019925341307 2.2938344486594553 -2.8257802902965663 -0.24763814654383925 -1.2804576892370734 -5.197318207175759 3.1084731948006685 9.202226438077348 -4.330003875696275 2.09390751748672
107 428 0.22999068519330393 0 2.0 2.80139193005919 -0.6558479510284592 -1.588166711678742 -2.818670268958465 4.9156824231366505 3.4947866016220703 1.4544493346257816 -2.6288929095916163 -1.3589483252726597 -0.34677867470118384 -2.9621834507346936 1.9264827827215556 -6.368010091799424 2.4800556373863496 -2.8678999975394666 -0.18072074293476698 -1.4934259083348753 -5.259057152708234 2.917189815545682 8.753501578107809 -4.540944613109843 2.227880438686505
108 432 0.22731769277190686 0 2.0 2.747950790391462 -0.8637036274625983 -1.6137749485725608 -2.7374249738499947 4.770951709648811 3.486351662882297 1.3932530736363578 -2.1496013495879946 -1.512917428446421 -0.29025184043813557 -2.8408024646426555 1.6117606409891576 -5.928231661534214 2.459950626338667 -2.792819133618682 -0.23112704520970628 -1.464706276283323 -5.460605559705678 2.890546331920944 8.374103230256747 -4.614655359572049 2.2601061034398437
109 436 0.22589302986216234 0 2.0 3.3745411769234352 -1.0513469202053274 -1.407418976521041 -2.926709817662497 4.674006874417996 3.5404012307343007 1.644751763412717 -2.348462366917949 -1.363840346050717 -0.4529697738061682 -2.6959562099885663 1.4712451109147182 -6.1663618534211 2.4187093030907345 -3.20880322596748 -0.18347239485867936 -1.72641066267655 -5.383811931415521 2.676576660865993 8.347036966572333 -4.480462896187458 2.0351329379999807
110 440 0.22943175243534858 0 2.0 2.9973765270230746 -1.0365609930344937 -1.4777306111082844 -3.3440138593022306 4.897001250349307 3.5157813152636845 1.6145757096004776 -2.265984720530689 -1.4662207222431058 -0.608631798826359 -2.7612161256119396 1.4634850348704638 -6.160476491998564 2.2880735576466202 -3.1950224912419625 -0.4441700964566652 -1.528996632055926 -5.55368171483868 2.484768439486674 7.80741816172895 -4.182073173814021 2.1073668577626745
111 444 0.23366949608902754 0 2.0 3.0352290527923964 -0.8509008650228005 -1.7486718530399716 -3.654932753362528 4.950860892958107 3.490187436165271 1.646427286373875 -2.501230510965859 -1.7730089520392203 -0.42145669474466296 -2.3517253483890435 1.6925470188815768 -6.124038129405978 2.3099823305056626 -3.2251648725569666 -0.39900607839277424 -1.6549589162770184 -5.4724588842057935 2.2923230475036194 7.899976052713573 -3.8301106001498093 2.13523999228267
112 448 0.2310387212896801 0 2.0 3.017643331054426 -1.054948149773958 -1.7633343922580633 -3.7512181616310696 5.324987314457005 3.7038330078552315 1.4625446463575735 -2.504342714223786 -1.5144937960930052 -0.3238725282058839 -3.020840023043547 1.4143974493622404 -5.81366540037591 2.460164104151958 -3.18854684874692 -0.27569260090723346 -1.3837179636439005 -5.459005932548583 2.46327317504021 7.5755000902112055 -4.577564086371563 1.9603433573457874
113 452 0.228202659918668 0 2.0 3.683911687063683 -1.1969863034429236 -1.6925246731311567 -3.9237824136131256 5.093145594121647 3.6136707651347897 1.6622997626213911 -2.7095197145314085 -1.2933525931167595 -0.35475631191033263 -2.912405943079185 1.4372700023230425 -5.7269131707556005 2.456789627666073 -3.1312534063005555 -0.3231879918913882 -1.1607697278361149 -5.634601617981521 2.625839673377163 7.217615538002172 -4.080243326221655 2.1418209248606166
114 456 0.22882205456085117 0 2.0 3.1829852035089403 -0.9902376475927724 -1.6156846993234368 -4.275068519346371 5.165770498983323 3.506475567050582 1.576196017581187 -2.4841686988890856 -1.337568852932238 -0.4632754923597478 -2.8818043558241944 1.2904882073605333 -6.1662314191558325 2.6550645334935092 -3.030368372509628 -0.5753385367762396 -1.2964000282142165 -5.879724580408525 2.4304838004832767 7.576280198464141 -4.047204143726538 2.118279396774933
115 460 0.22538889586610283 0 2.0 3.120134682896273 -1.3456781594219205 -1.3426946706125982 -4.171036061148426 5.087642792872592 3.1870661139923993 1.7504088454302065 -2.3486429808895264 -1.4346154262356312 -0.5506244511468703 -2.700444553576403 1.1378898869080456 -6.2897431724115656 2.7186826820291574 -2.931705974951998 -0.5041049715124446 -1.1646165113988023 -5.732892099444381 2.6384900557737847 7.601568815521684 -3.9619747762213784 2.1705537532786945
116 464 0.22150915050168465 0 2.0 2.9160548035833456 -1.115888563052205 -1.6221616000335028 -4.0715207933695945 5.40467557890452 3.1001978049503713 1.8449737734720872 -2.3300539225178105 -1.6307068775023614 -0.3612632603715128 -2.257036083480954 1.4970319682723663 -6.093067310780421 2.566590549795672 -2.951157835573275 -0.6507676502799322 -0.9766425254907436 -6.0228964918022045 2.698341796476504 7.367420486696377 -4.205322439757252 2.0800325713839736
117 468 0.22456337403885704 0 0.9495726823806763 2.3361015763852455 -1.2252660921583154 -1.3126207090078967 -4.279552847275941 5.3657392531669545 2.7228309053532813 1.6803800476745256 -1.9279181227588194 -1.83703236400795 -0.3813881312447574 -2.44130588543429 1.2679843783888516 -6.010990081497092 2.8559240407635804 -3.111282463054457 -0.5811462704106616 -0.8849148006092775 -6.002989940039549 2.889754026754771 7.2914650998884785 -4.420910998793326 2.1372079406167908
118 472 0.22779395440764014 0 2.0 2.5322948643096246 -0.8906230538743755 -1.5377567649615618 -4.276531976302966 5.914450655862728 2.4988475117017535 1.7010372800054825 -2.0654200199547095 -1.6474093967758732 -0.487363906870557 -2.544204975461107 1.6078451354577716 -5.63063584967105 2.7597671676140467 -2.836639669228103 -0.7168020913583915 -1.1035944120265486 -5.862177537809119 2.765055169896574 7.402508093998825 -4.82838604808642 2.021859563064392
119 476 0.22368567785684526 0 1.9285714626312256 3.1148193991822306 -1.0243142982713938 -1.153384748877435 -3.718573743332349 5.618472230378788 2.584156635473671 1.7474741025383351 -2.090087950682992 -1.5105011172815228 -0.479799659236804 -2.928699705016929 1.0956436704906825 -5.632150932940312 2.624982622621535 -3.1030345943721773 -0.9462210525991773 -0.9783636416916299 -5.732145447514398 2.837940147403111 7.868935739341994 -4.75045301318832 2.149626026851386
120 480 0.2207260277068811 0 2.0 2.908017792672786 -1.0055658759575135 -1.279336091638455 -4.061313752973075 5.539527078897662 2.432610441488279 1.7149212871936708 -1.771303607458695 -1.979914801744668 -0.4500979730865311 -2.5434828629964867 0.8934615786571216 -5.485811541413215 2.5878170861532928 -3.0404471775155564 -0.7482889152414409 -0.7908783362359505 -5.894703205987067 2.8866577575005454 7.542768162560849 -4.40728974721514 2.035700993466325
121 484 0.2137165091188734 0 2.0 2.7235618292854222 -1.008508906777823 -1.050329463947976 -4.404188699171815 5.193276097222943 2.4529331725877634 1.6609618646086064 -2.3182422775238445 -1.9793041633563633 -0.40513257658203533 -2.633089978393725 0.7866741732129218 -5.607485174812902 2.3024536250657244 -2.9332399908716913 -0.6913884811021187 -0.9137099593904519 -5.979872131201097 2.7223573978952142 7.009709705935442 -4.339443179787481 2.092910861698729
122 488 0.21246915781132503 0 0.29032257199287415 2.832389473455685 -0.9343801270904308 -1.15983095490662 -4.3884585351941485 5.414156363526836 2.2947624421306223 1.6853354594950778 -2.295534361948885 -1.9386601784767794 -0.33912875164683637 -2.29652328373963 0.17253870764925117 -5.490258564443274 2.358444030536004 -2.865346499130682 -0.6867828519205263 -0.8278714154276744 -6.124280112302508 2.7917747315972132 7.054284078942929 -4.999252129289528 2.2579318594752005
123 492 0.2111851756462456 0 2.0 2.7765324513899574 -0.9070066217267883 -1.2967209679987692 -4.12720302355809 5.285567730615746 2.0504974907480777 1.628413112491003 -2.095315884925074 -2.1523831231080583 -0.3781853910965429 -2.2640594210848186 0.02728444570561117 -5.622727811523074 2.3824365748333935 -2.891965135203642 -0.7130878880475572 -0.987445194561509 -5.996676892189406 3.088026265258877 7.384563815718109 -4.2205042640500885 2.397428733975385
124 496 0.20932648879198182 0 1.7412281036376953 2.4604070845161927 -0.9169612606601993 -1.4554485231636873 -4.187578526876239 5.566383850678048 2.236738200974021 1.3572520197138918 -2.3928412016148912 -2.5237779591003555 -0.290072675367263 -2.4986035672927125 0.021784770319811478 -5.571421757320325 2.412625161883911 -3.1046375470553578 -0.8212764822888621 -1.0849848822374877 -6.007015221179647 2.9590907946286813 7.56081928831793 -4.4998624731624535 2.532877502934027
125 500 0.20229247192222372 0 2.0 2.577016635974507 -1.1301954502534968 -1.2759496304803557 -4.362824210660752 5.637638851976573 2.004405558648019 1.665903884775327 -2.554012689264805 -1.9263413507056815 -0.5077583555446025 -2.4979208374259048 -0.035412692812825164 -5.942127937269609 2.339484711212804 -3.0750063935801166 -0.8460695578547448 -1.1506676959188797 -5.841512816338756 2.975327330855122 7.509509703916335 -4.4671735493984706 2.326819095599069
126 504 0.19707227984577383 0 2.0 2.829950503122868 -0.8610720207379381 -1.148769606342165 -4.698105486302181 5.64910746346436 2.1868597589864485 1.6782780326553715 -2.2859068335219663 -1.8099639506822212 -0.46103602230193774 -2.406708789568181 -0.3287868436711372 -6.002271312019897 2.4421332953154353 -2.811165027854462 -0.7926426704313699 -1.18085326310494 -5.620647204154125 3.0969957163642237 7.710830631305679 -4.866238571051037 2.231280975961316
127 508 0.1943295455353798 0 2.0 2.7546744843649966 -0.830408408487899 -0.7889470000962413 -4.945584105956711 5.427015866947549 2.054889317618186 1.7220688887182594 -2.35470272061034 -1.5900293465124684 -0.3291354608058794 -2.367597843335312 -0.2375182271830242 -6.102020562495756 2.259313357757133 -2.8118251499716083 -0.8108937418304277 -1.0579890938600434 -5.704749904595922 3.1721551142265367 7.84298924403766 -4.817869210624424 2.3804350515355712
128 512 0.1948026383911035 0 2.0 3.1760554347259773 -0.7047547263380354 -0.7148762247063152 -4.61735219760538 5.183975886283673 1.9372275354134731 1.8765921365266567 -2.2965600460343976 -1.5460470929786017 -0.34660053829301785 -2.567869985385367 -0.1996148342065054 -6.478018289433618 2.3165167540649154 -2.775010854025155 -0.8294155757029746 -0.9305727491497886 -5.670864231999242 3.027084521886841 7.821843719250124 -4.357369789664175 2.425910577310279
129 516 0.19731175189389624 0 2.0 3.107940693018924 -0.6583096224980051 -0.5899638375265758 -4.443041859250817 5.082689230680144 1.7334807134822106 1.7384381899811638 -2.150181342001786 -1.2365736195447197 -0.4034155800113311 -2.3738111897753535 -0.2281888548573371 -6.114107805442052 2.267659227899044 -2.645534676111622 -1.07975661478695 -0.9431394977221271 -5.718652705939925 3.1001192192656966 7.621095679386393 -4.736329122324718 2.4160422839412714
130 520 0.20246148361600816 0 2.0 3.1150635231271555 -0.4776592703476366 -0.5813009926760134 -4.861112892052586 4.925002998047249 1.8044014083173945 1.7489903807337475 -2.007422324390252 -0.9861390084567527 -0.22471368127766195 -2.37036193024706 0.05475542344477874 -6.555421929656836 2.175781285495572 -2.719810118551283 -0.766354908449787 -1.188110238981194 -5.6496617934036175 3.2006896731270196 7.920660752564578 -4.8567695935732935 2.5896799283850904
131 524 0.19967301033830978 0 2.0 2.7256033289720456 -0.6474857836735465 -0.46707878506205225 -4.466967982571756 5.144732590880489 2.1507269000800826 1.6463575479759087 -2.263862185678126 -1.1828909470054507 -0.5587971923141875 -2.3834542852418985 0.5233597983791648 -6.472536243431087 2.077988230514112 -2.6856051158798517 -0.9172476019724378 -1.3137704700217563 -5.722754458827918 2.9900149835700622 7.9523919031944015 -4.826738614945228 2.468361646038066
132 528 0.1980963374813996 0 2.0 2.840891169086796 -0.5296141466533595 -0.32056922781315345 -4.6507246673034635 4.939030358819837 2.1663738129201136 1.5414583702783247 -2.375502605918287 -0.9709718256322303 -0.42815469180123644 -2.253872380908776 0.8218148162369717 -6.5196541834882815 1.9317379419329646 -2.505955084602734 -0.8023641731592009 -1.097281823626496 -5.651611672407963 2.8954221562819096 7.630212422793786 -4.796973527295661 2.2760907708730813
133 532 0.198439657470838 0 1.6282050609588623 2.9370840411217576 -0.3964544369257814 -0.14869993098208362 -4.866326411433138 4.94052929218076 2.1805742724703236 1.8173729095922515 -2.372574360814579 -0.9424193334336257 -0.3945099704376199 -2.381012782484216 1.1142120574977041 -6.322050630134349 1.931712769478114 -2.4264644638779727 -0.8133189390288 -1.334613495430308 -5.679537381252759 2.5378218752993913 7.643905774787035 -4.704139040073235 2.2781292814081837
134 536 0.19924729475366923 0 1.9285714626312256 3.2758757320205314 -0.24837139041906664 -0.24879149291714403 -4.295538997398495 4.512716715022584 2.0588092314311526 1.6268153593690236 -2.5806674496719966 -0.9673428528182416 -0.4180768980127967 -2.294991241085643 0.8284906489199679 -6.4210596291883935 1.8660939417137286 -2.688960707344422 -0.9056766079509622 -1.1976833447440383 -5.780793336289816 2.792928039903012 7.261000029722833 -4.040860229556506 2.2682690141052744
135 540 0.20106990065626082 0 2.0 3.3028562691433234 -0.12776152474813926 -0.5188041771773522 -4.1835724956463105 4.897759637749519 2.154511361675721 1.8682407687444011 -2.5284536413902443 -1.0493398584584281 -0.579773825060025 -2.2551370893299714 1.0018945403263355 -6.657759662170206 1.9833278255019064 -2.2859141830160548 -0.6712350869535926 -1.3694670825800153 -5.522201103768951 2.6952927063754037 7.5159906352023045 -3.865447694538638 2.1604708637702346
136 544 0.20149777326689525 0 2.0 3.2507873856172016 -0.25306820673910735 -0.5452068559730138 -4.245187622015733 4.798908997253155 2.273518404759554 1.650906557045249 -2.5263069334313735 -0.9393013321192556 -0.3890074245379652 -2.3815412575750914 0.7692576447691792 -6.77008237270389 2.1198907872438046 -2.361021565877029 -0.778828629349966 -1.3236641229270825 -5.2207774757493475 2.6125829639667986 7.09849540667445 -3.6759224398113886 2.1733712459375667
137 548 0.20159795023843388 0 2.0 3.4076691996964947 -0.26209709731994324 -0.227524695098009 -4.242780367430008 5.021378924623773 2.273198924158279 1.6414574787328635 -3.0218161319425896 -0.8714697291488199 -0.4901340493177097 -2.421570413480938 0.7419088381579542 -6.564333545859445 2.1143384985006426 -2.6271382916501946 -0.5545851113410312 -1.3396255430998314 -5.274247348445155 2.730490615089405 7.091635314582233 -3.4831664049088586 2.29675443134343
138 552 0.2064860353413417 0 2.0 3.228706927281274 0.07947945194023381 -0.28793329414913993 -4.008448503698557 4.819950808705911 2.4549147772381397 1.636791084840086 -2.952648702898241 -0.7357590662449491 -0.48482318654200895 -2.5498208865683716 0.8296954358666806 -6.655429195459408 2.1780624402417526 -2.372570654169373 -0.5204935214187407 -1.1642118949927673 -5.1868162029244855 2.715388027934825 6.773931312578825 -3.0145894784924314 2.254822745185822
139 556 0.20967968061373557 0 2.0 3.145279533816158 -0.0041745235220412985 -0.1955726909159646 -4.310771721014041 5.343268680834018 2.2742963730482284 1.559801454671226 -3.2226638339661386 -0.8456507572349645 -0.5338287798879909 -2.5691982054107374 0.7673741445375336 -6.726203254536401 2.3002929476922587 -2.4869471520651247 -0.7974155302614279 -1.2102145276600023 -5.250833472399662 2.612274123836996 6.199112036823078 -3.40896695572213 2.2212259996953643
140 560 0.21467073730672148 0 2.0 3.1509725243260047 0.049959013705832826 -0.12328599520555089 -4.35760753012977 5.0086979659700805 1.8653887748721671 1.7350883510036852 -3.500084992028533 -0.8781605873088929 -0.3909548716372685 -2.3147673237979722 0.7122355571955694 -6.495917658159896 2.2038450858589536 -2.287072512220739 -1.0285085215449954 -0.9638609007461332 -4.948348733884774 2.654393682306921 6.527581448498559 -3.487308067815955 2.4152940965893843
141 564 0.21433238699873233 0 1.9404761791229248 3.0444611467646867 -0.04907000153202569 -0.16842644653722771 -4.209976199928716 4.927060598116 2.106967652421237 1.6607753171638249 -3.4861950606137744 -0.9005565743487929 -0.4966425959924433 -2.229207339530278 0.6726051426081121 -6.61461303226068 2.1525012235042897 -2.5768498838671507 -1.0387530089036856 -1.0593615940412486 -4.966720373297333 2.52646348331692 6.277699219936334 -3.323813476003036 2.506103382856676
142 568 0.20925865654601966 0 2.0 3.3728284139017473 0.16840792630576779 -0.3474357259794043 -4.439513797030548 4.967102836440915 1.7254088519092325 1.6913253179764547 -3.200867798466037 -1.2839963574387636 -0.4651684573958202 -2.2120835343376344 0.5603655480921589 -6.620420129019594 1.9810586925120044 -2.439743939105858 -0.8282699225066579 -1.1635769800032845 -5.0135304074422855 2.546414121636969 6.232159939444661 -3.5822470861652205 2.2197906845495248
143 572 0.20414152620983342 0 0.7142857313156128 3.2691187043671133 0.13157261839844345 -0.10208876556896967 -4.604483219263069 5.0145330790593 1.7555328460909052 1.4960194345235658 -3.3379269051302822 -1.1155721081999137 -0.24878399989925268 -2.2683376918476084 0.8811364671965689 -6.609280064932063 2.207287330034248 -2.553893635828954 -0.7749480416948478 -0.9445827839196145 -4.886348984436385 2.552899881843963 6.367607586193812 -3.0564507259902416 2.1748061541366304
144 576 0.200258140218483 0 2.0 3.5781134239998558 0.08887561148708728 0.0825516424803063 -4.728794752983046 4.660211081939985 1.6564177626410514 1.5128282097378387 -3.3826978109201566 -1.1686792690124739 -0.2786222047967039 -2.1647266201890445 0.8373806064215455 -6.7261832088135725 2.0888567274953553 -2.6462674495314187 -0.6848787112353714 -0.9842562619476145 -4.877550161348919 2.6900752028389565 7.151812780976295 -3.0231272268587044 2.312151319359436
145 580 0.19975443435643772 0 1.433333396911621 3.551272007014897 0.23588055176833073 0.18742723752328855 -4.593012504402028 5.05170892765468 1.468245146364744 1.5809474552993712 -3.0027120219870116 -1.051692125352071 -0.2200620310587382 -2.22468473573296 1.3205470225337983 -6.390720370624962 1.9488115087982434 -2.9514951596863988 -0.833289821263778 -0.8904036650334807 -4.750495634982635 2.531180647071125 6.419457235663856 -2.7801076557916935 2.2017033430640627
146 584 0.19795767355547791 0 2.0 3.411356871139953 0.3169293837116358 0.31468215806667754 -4.6206763913975015 4.720546295996827 1.6237452342889314 1.5484139116555715 -2.754975602786555 -1.2655822632906613 -0.17308618214794275 -2.3208242211490404 1.3677947901290444 -6.4869722380992245 1.9040829872428244 -2.848645313310627 -0.9143651334781295 -0.8968464687082567 -4.728620487365324 2.741695424256685 6.5375711815769755 -2.864959425831047 2.129455659662354
147 588 0.19612269306855074 0 1.409523844718933 3.6594024595639 0.413156327246356 0.35457746973623294 -4.392340521965851 4.788169164600455 1.7793066219783094 1.2052042465361361 -2.6692032895704614 -1.2157894817503754 -0.2550958967454423 -2.1456483416291596 1.4934716162342734 -6.504607139926637 2.179213859775472 -3.003770559957181 -0.9691159804977274 -1.1049954433691282 -4.665837771905669 2.577045951476768 6.408280202319634 -3.435273592061662 2.1770471681332504
148 592 0.19365296146350328 0 2.0 3.736758845778904 0.47510506733597335 0.31640383365701635 -4.923596470677168 4.68622282533248 1.6483050602146352 1.4788023535714014 -2.4074722316957224 -1.1641043048064528 -0.22560098333397893 -2.0539328869440023 1.2851859154963854 -6.715650279746493 1.7646709859150125 -2.83104456295675 -1.079466742505914 -1.051908033703718 -4.8819183588169395 2.7180464982840142 6.7419674148747095 -3.3025169111619785 2.41261018881602
149 596 0.1997166369422641 0 2.0 4.055679112877703 0.6116584686609285 0.1961275894460643 -4.568192118922534 4.758064989085981 1.5828676350124882 1.5405785337226474 -1.8786195333076197 -1.3058044588357443 -0.0011443211310595003 -1.6056340756770893 1.0534130002273128 -6.833163499903646 1.722316835069257 -2.8386757096868687 -0.9747958920701244 -1.1248217591553757 -5.123324669927829 2.5284778369695973 6.640537737527699 -3.006607702931443 2.3657675581351527
150 600 0.19981198073604928 0 2.0 3.973553784578843 0.3750332607295568 0.11672275838216206 -4.597264523853654 4.824505229693246 1.6297689458790434 1.4226954639176346 -1.8248142858307401 -1.350983207210592 -0.040282932771082414 -1.8410404740809656 1.0463495536093435 -6.605774602785806 1.7249044148373505 -2.7885458252434225 -1.1244910526269014 -1.0628517162633901 -4.835050113741258 2.6062714999053718 6.4118537650268355 -3.322115118014307 2.4893855113577517
151 604 0.19417105439938365 0 2.0 3.8832078969798354 0.6329577505616916 0.27135204071383523 -4.737001184615821 4.662716415002907 1.9959534396370375 1.5399725082485225 -2.1983944711775165 -1.3162910879983878 -0.2488582850983051 -1.8670814775046762 1.2894723081416062 -6.661020542921275 1.8786324229869231 -2.690573058225941 -1.0172989973698807 -1.0735095277979185 -4.772695045972881 2.5920987897045316 6.742358885814154 -3.6801619503922964 2.4692038763455613
152 608 0.19153522803657588 0 1.3148033618927002 3.915062484763059 0.7680304893264761 -0.001934010438200906 -4.67474100832986 5.14952428104586 1.6125137161093925 1.6563753901639877 -1.9934419777792252 -1.39475987352142 -0.12963270480835204 -1.8807229855874907 1.1508258521347914 -6.792558127153148 1.685872848903296 -2.94848776810746 -0.8644758816915152 -0.9734962971937908 -4.553947743643013 2.5731942414916507 6.812534266258863 -2.735740804900266 2.4478880897861344
153 612 0.1895428376088619 0 2.0 3.958226511455704 1.0619393282493392 0.0006855478122429481 -4.528485248244264 5.131516484646576 1.4017400021944073 1.6598984295356576 -1.9679005859274454 -1.2366492151424107 -0.17531540342454496 -1.9319409673781234 1.3835085427997245 -6.649299912781896 1.9427094920158359 -2.7484855884451336 -0.8916198403786091 -1.048033865847326 -4.492009226629479 2.540578852107119 6.808053260827387 -2.9717389972087327 2.386275108857757
154 616 0.18392878170482824 0 2.0 3.757066480555072 0.9555584589525485 -0.21097210213966858 -4.589402805601448 4.9164758179237245 1.359319750249751 1.916380546747705 -2.2933841197166025 -1.2921808381866224 -0.17886805251275437 -2.1722311273025943 1.2226970616466584 -6.780811185118154 2.0298496375474318 -2.6585357067371294 -0.9274791834773684 -0.8736659986268995 -4.584514008695007 2.548894860926615 6.634228804541221 -2.732040291485984 2.2441471568626503
155 620 0.18207065831859995 0 2.0 3.866888020063987 1.0946090159042294 -0.06123161713190657 -4.552722244800653 5.243806833446747 1.373353645388229 1.862678837509151 -1.7722723730896377 -1.4558697706159647 -0.21215055876248717 -2.052224589333233 0.7003011068249135 -6.896748973244354 2.0329846952695685 -2.5994147860000982 -0.9247235927994971 -0.7710858411360216 -4.531784165346342 2.570854184474767 6.508804987004059 -2.610335767392665 2.2435355012888216
156 624 0.18234811960110223 0 2.0 3.6702448272474366 1.1626731099207768 -0.20728105349901293 -4.8299109397808415 5.255341683110727 1.2843641344803962 1.7853549632701113 -1.6988364700109362 -1.3994783454534565 -0.2882565808512646 -2.3058513625462203 0.5806369145351107 -6.974399407522104 1.9220561654361286 -2.7562815399623077 -0.7759660222681914 -0.7725517421310759 -4.443738221888204 2.4327513138681343 6.6089224715732735 -2.5278715474576465 2.142228615113316
157 628 0.1840432624837494 0 2.0 3.776848845958958 1.1308935783243523 -0.06778100537364218 -4.879047685756492 5.52423038480532 1.3172377731723082 1.583926504764423 -1.4871829473671117 -1.1028984348640531 -0.13914411020961948 -2.4177669701483224 0.5105273229082549 -7.117100876443825 1.9393968064018254 -2.692124553623918 -0.8069284631795605 -0.7891998566078136 -4.324971018481972 2.4044898468865985 7.152470713195603 -2.595053801009926 2.2103029496584776
158 632 0.18367003196350015 0 2.0 3.500222458492184 1.133589065471444 -0.2134902603319489 -5.057830162536472 5.534327563979502 1.147278832027923 1.6143006610999497 -1.3940497659740552 -1.086487947447128 -0.20710498086894916 -2.4003317418814474 0.7651849665159995 -6.901530285805876 2.0578570507795435 -2.8451496296888363 -0.8241416823410117 -0.8637499129107987 -4.352983732476339 2.40736994934092 7.3648310190058925 -2.726442822273318 2.0888334065284995
159 636 0.18333061637013665 0 2.0 3.522627217798269 0.8884206399521208 -0.266036303582984 -4.8643551599475785 5.11517960521151 0.8585142361779242 1.6299666958601071 -1.1933969946379483 -1.1210546371150167 -0.15729027145644364 -2.3769243957196173 1.0878110826871716 -7.100551641000318 1.823611562874208 -3.0574394986122604 -0.9848619816812261 -0.8141498274309571 -4.321873799129675 2.5146186710034053 7.395472471621302 -2.4097651272520877 2.1717710909959447
160 640 0.18358463586038215 0 2.0 3.642971858353258 0.6653852639236308 -0.14380936197804622 -5.188759443508209 5.150025977419095 0.9483373257832802 1.561604415330929 -1.061382847340372 -1.0033449817868898 -0.20178587750722124 -2.5990499275572287 0.6242919122005519 -7.3706334349539855 1.992703280077359 -3.04416923647607 -0.849816981294572 -0.9398094109040385 -4.136508810567948 2.4781066238587477 7.4708040701413605 -2.3819590108322735 2.229190740878112
161 644 0.1839777077680514 0 2.0 3.4892000763987374 0.8773608002329536 -0.1503789453058961 -5.267235943644153 4.851516534242786 1.114353190642437 1.5797025290567084 -0.936045935911619 -1.1877659416173167 -0.3124620905007324 -2.6918918616176177 0.7051536638452421 -7.3199801503509665 1.885913288746335 -3.1038419068305205 -0.6542789163411253 -0.7111337718134348 -4.062574570467744 2.5407720994687204 7.345435105562271 -2.444206426842041 2.3590153951228965
162 648 0.18572523547200182 0 2.0 3.40073813363286 0.9377331202127213 -0.019382031567613422 -5.3024364820651755 4.740287968193592 0.7990233550166265 1.5618455263763242 -0.981128769577819 -0.961865108018473 -0.2823814217697891 -2.6091944635111606 0.2900782757282764 -7.373632024522461 1.9611371829587343 -3.397282264547088 -0.6113920848050278 -0.8208048933274563 -4.144672539377926 2.516525305651805 6.867400892700375 -2.395207284770062 2.3324191857704544
163 652 0.18481943687949598 0 2.0 3.270494762601761 0.912121796537528 -0.029105631812155322 -4.908490949921549 4.679792903401541 0.6982245662458471 1.3987759971109597 -0.900273328232744 -1.0654754707614926 -0.32461811389819895 -2.497825002284342 0.5772318389315487 -7.093841586314045 2.023897374206159 -3.4201714976980906 -0.7401695840301497 -1.0009137331250733 -4.3779202889354485 2.5424869003005663 6.89212915095933 -2.3591120405244665 2.098177167171473
164 656 0.18381224388377884 0 2.0 3.5414709374570124 0.6803879839480844 -0.17475773367346883 -5.136211439287429 4.544926987599351 0.41931199520956264 1.4477377658247768 -1.090159477157885 -0.9985195734191123 -0.29021539125298407 -2.5832160667387196 0.6521669153721878 -7.06258717090995 1.9727634192698944 -3.5789784431312035 -0.8661026341010398 -0.8490911781538169 -4.0548480920688625 2.573549094014096 6.653248571060605 -2.758030631494683 2.2288445293282693
165 660 0.17790265672035566 0 2.0 3.4244134068429566 0.3752933603299682 0.06279627480475108 -5.316129531211935 4.796970364364681 0.8384515768346164 1.4496544529116298 -0.9713229645774603 -1.1675819323535763 -0.49506425440653146 -2.4155952077018914 0.8098392010046245 -6.882163341052819 1.8084611189141109 -3.327159665716602 -0.7467757207700766 -0.7124850992922628 -4.155431668262864 2.43098701863038 6.612016493539163 -2.2256044190881625 2.2151958426665797
166 664 0.17268369713862114 0 2.0 3.322271183476965 0.4603104029016676 -0.26339232271177493 -5.213261324108119 4.67666448844908 1.0833479675504472 1.3500507587364523 -0.7391215777127136 -1.2444113862119761 -0.5305440385206255 -2.413828750135208 0.8636716223803748 -6.694044055789443 1.9086518460809523 -3.226049187097282 -0.8581624918025771 -0.7611011709655608 -4.271600942288295 2.470205172718482 6.183118150970202 -2.267973553330045 2.2312138548882494
167 668 0.16741123315819462 0 2.0 3.570437395628235 0.5426659365167794 -0.2308568188472187 -5.264089525217221 4.323331940364947 0.9726920257688819 1.303970858824323 -0.7804384356941031 -1.1711530016599954 -0.609182486425992 -2.4059935380395183 0.5868396925793321 -6.876745116762636 1.791866074576344 -3.2599447498417673 -0.7958417115786968 -0.8935856880023093 -4.399361223454075 2.4253258137628197 6.403945532692214 -2.0274321130826847 2.28513080179865
168 672 0.162504121762708 0 2.0 3.71689356281776 0.7580664462521367 -0.40927939622479825 -5.203880182979003 4.417135151218588 1.295555000136133 1.2613829608001934 -0.6976915401965379 -1.1928198391925093 -0.5752378189057081 -2.3068270472313843 0.4428396907592176 -6.869430382633622 1.963609438735209 -3.3578182609747924 -0.8378482392908495 -0.8904820680401233 -4.2495335808353305 2.5233750216562463 6.164171654914937 -2.081777795242743 2.343244178163572
169 676 0.15719256500892567 0 2.0 3.527991067221965 0.9118146621935768 -0.5187585116180917 -5.399254527406914 4.199199966613568 1.4304419878542936 1.338305715985409 -0.7405550947809211 -1.1997630520889464 -0.3976630582567044 -2.292901228491115 0.39753522020635057 -6.944176133410457 1.9764702459709917 -3.2783711165230556 -0.8485253293360578 -0.8840836710488511 -4.410001893612236 2.5976256187800755 6.602279262238844 -2.224627241489136 2.42021351461492
170 680 0.15475884750851002 0 2.0 3.3732056814164877 0.8882025652389468 -0.33013625315866646 -5.667327534179008 4.305533195096115 1.6388063092050098 1.3971164399064737 -0.602222828188634 -1.2191455619724936 -0.34144681798031645 -2.5274843862491867 0.11135009957439024 -6.778261858162421 1.9905560064534116 -3.5242138049512493 -0.7255547953180922 -0.9266725577357587 -4.015709931915343 2.55004658756084 6.8435237034945136 -2.1217434781478994 2.429148049590386
171 684 0.15464157451338803 0 2.0 3.547455359460811 0.9644209119847885 -0.46170588249996347 -5.488533246881977 4.286430649474697 1.6447921769125062 1.560721444485397 -0.27250678861450367 -1.282690505255142 -0.34130368496293767 -2.5255519878323938 -0.03297865446779319 -6.854189800550509 2.06060151638218 -3.5937895521705507 -0.8259391556127201 -1.1079045605483797 -4.190062686152336 2.620181123792407 7.198703856560941 -2.143309060623557 2.427644886881231
172 688 0.15763323715308744 0 2.0 3.759288155561998 1.0601167676153058 -0.2631684069083435 -5.391433085386293 4.142755454153083 1.6644878218360832 1.6275789147585042 -0.14365189826921745 -1.314346568928474 -0.2656595883105304 -2.379499081031903 -0.22126734440700038 -6.813099625791951 1.9156490890330782 -4.001812407018168 -0.7813343064103011 -1.045607949822584 -4.058642607511988 2.54303486761705 7.15271684012254 -2.0704136420684933 2.3500049943346357
173 692 0.16052490688368648 0 1.91269850730896 3.5988362070764435 1.3963811798867733 -0.4094149671191668 -5.2949631382990665 4.127846582304985 1.3580924574609943 1.6003961618298408 0.04665867308866925 -1.3058955232382201 -0.1919594502806899 -2.3591513823234846 0.14704631006669364 -6.748448938953943 1.908965307097703 -3.7805510138195086 -0.9230469973162487 -1.2628933671165665 -4.085584524987973 2.39160096980645 6.626141034846103 -2.3972931050023534 2.3293737043928124
174 696 0.15991473807329165 0 2.0 3.4623879903183497 1.2739885479998287 -0.23436674973998928 -5.357132703043769 4.236652257473369 1.1444828447294662 1.656537847612126 0.039030096547119524 -1.3265698324082762 -0.2506490018714576 -2.2030840017092057 0.22144340290502787 -6.942194279281981 1.829238170037057 -3.8502691754129375 -0.9049659877584313 -1.2668920742253869 -4.091347520013625 2.5549530136568075 6.496859464970112 -2.777924111707597 2.3449849931274556
175 700 0.16056309658018525 0 2.0 3.5033480927532734 1.5126876832770257 -0.151205294162445 -4.827533519027608 4.098689655380535 1.2227373633608518 1.597223698742475 0.10676666885700038 -1.388012078568826 -0.32300062807535335 -2.1863188103068714 0.2005318976081105 -6.893473986046784 1.8075017068757313 -3.6550582794110515 -0.9965010411285927 -1.3724588013355958 -4.125977757786157 2.54355521600952 6.626472723158842 -2.7091092650702056 2.4002559404768506
176 704 0.16024546305824688 0 0.9753687381744385 3.4282519534236857 1.3592151428470705 -0.023448147023867716 -4.943998445303512 4.124713803450759 1.3588274350165728 1.612356151042089 0.5119807751646995 -1.0900606989476562 -0.425205443783877 -2.2932842500993234 0.11401010581497245 -7.007412219769402 1.9477005672313856 -3.529633154672697 -1.1233964520000161 -1.419710824868346 -4.164950493631229 2.464211617668448 6.617678774583904 -2.7604371630440494 2.355459901664021
177 708 0.15924562980203896 0 2.0 3.2904585492163965 1.3891229281259305 -0.3735587452962976 -4.757863121000049 3.991095314949704 1.324224336477933 1.5053408578864305 0.5313191467864302 -1.1209052464714233 -0.31062064455050153 -2.279411755548891 0.5335490228622549 -6.9231999051336315 1.842988716355139 -3.184357427012768 -0.9699428621779421 -1.3953865745107479 -4.057740186318587 2.4039580692924307 6.3159506164764885 -2.6612496200195777 2.3953565165249673
178 712 0.15831772363057245 0 2.0 3.4358890136832034 1.4636633796019127 -0.11580699138848519 -4.6127906999625505 4.133449603638361 1.3179755238424193 1.5257332510958261 0.21345593517742667 -0.9789455891755745 -0.29506521297899035 -2.4349697767343046 0.35795781755807343 -6.9312994034156326 1.7838196012373637 -3.143087008026343 -1.1198425415757813 -1.525100763350398 -3.9893405531392956 2.4159332559452413 6.29699804574562 -2.847232979724289 2.45524897706677
179 716 0.16084854746168661 0 1.8424242734909058 3.4395962352583562 1.6348785171631126 -0.3185943757715287 -4.723600087969912 3.9730012703381616 1.435622965283207 1.6354982410561718 -0.04081803075527218 -0.7074839890796849 -0.26650998233237055 -2.4801937158896723 0.8555155978929542 -7.128526968901443 1.7750094725084795 -3.5514164684993426 -1.131482625623496 -1.4076725492738098 -3.969895277800896 2.314702706061438 6.614625517724553 -3.500585392373078 2.4139677596198528
180 720 0.15865831084279416 0 2.0 3.627743662090638 1.5802632668801957 -0.1980768508599719 -4.899152323181018 4.138360201021464 1.4078447207144917 1.560040518019183 -0.09390747595913251 -0.6774710808785394 -0.29524329907042035 -2.562346517879047 1.0190778774627323 -7.033938396996294 1.9094504722966998 -3.3848539825385218 -1.1145624577949216 -1.4190906008176574 -4.20692030012554 2.461162267453799 6.574868782665066 -3.3934587780440224 2.4667334903731724
181 724 0.15852419639811938 0 2.0 3.8893087222276757 1.4968038388328875 -0.07290100095295354 -4.657759570369449 3.883036754592347 1.5161743019073068 1.7688267698097468 0.07940732910423433 -0.6960037493906758 -0.3244460393277131 -2.4725148926477325 0.6320060787267252 -7.054000668555183 1.9036967014733472 -3.4596221854633273 -0.9586785861370026 -1.4724550524577733 -4.0889024943666845 2.433184106350462 6.572057861243635 -3.3764483066758757 2.520717120888785
182 728 0.16060845178685879 0 1.9285714626312256 3.9829453294421806 1.311493232599737 0.20406520718299204 -4.228709984980264 3.8128049084059557 1.6986631727232355 1.8634338057787554 -0.059444064255246676 -0.557877284740626 -0.46102365854994154 -2.4822557919367294 0.6490633516414668 -7.071286651097116 1.9191761670529968 -3.3629460441928805 -1.026981157182058 -1.453484963081403 -4.12928915723957 2.6059299012598 6.798401589094924 -3.39254411706188 2.4358018197878057
183 732 0.16187179608370797 0 2.0 3.7219384700969043 1.113922025623064 0.2667580305414062 -4.765997599289222 3.918236698682288 1.6800455700796386 1.9967623752988823 -0.7514509608452925 -0.4901643129226621 -0.3635507992209643 -2.5396222098051955 0.5237734022242801 -7.0591749645873465 2.0389671198079933 -3.365664915888595 -1.0540168847490679 -1.4145523245003662 -4.187647914278264 2.6422181757627676 6.8717018020328835 -3.391154926757511 2.321542842256155
184 736 0.16172041146140023 0 2.0 3.7686750565088576 1.1203441630503117 0.28516637154721536 -4.57592386275956 3.9275026495191065 1.4811968297193034 1.9961839489357955 -1.270032134826839 -0.506872437875789 -0.29903813186877315 -2.6324009757615654 0.2403948833281997 -6.968973206042233 2.029302490496785 -3.4505998334141608 -1.0710337611338498 -1.5347173543200263 -4.355809331347286 2.4865203044438986 6.9058202889092986 -3.2137110807887477 2.398059100738008
185 740 0.16651735947408153 0 2.0 3.947266323430237 1.0211639981023182 0.2606054120684554 -4.1915261399349415 4.00544542667495 1.7515959940736492 2.109859560826913 -1.093583290913003 -0.5158423795408342 -0.4615117451756919 -2.817407641899383 0.1496563468495208 -7.07324495509179 2.2303279749428264 -3.221912659486263 -1.0052256512528897 -1.6516555100905974 -4.460599153409455 2.5946449851732467 6.81550869252983 -3.2987929760776753 2.4201579502695947
186 744 0.17040287663129264 0 2.0 3.7981036522887135 0.8871993260522365 -0.005612675711567872 -4.074466315985897 4.135486384332607 1.6960209157341046 2.145698766940092 -0.8177669247554107 -0.6487081647576386 -0.536562929144329 -2.7409504312725246 0.6555090194730194 -7.0335260063594625 2.0403584205383454 -3.525208981591741 -0.8694931207782984 -1.7432985167176347 -4.685571961390248 2.594240505483213 7.0507637689182525 -3.2491841888558755 2.411052032524129
187 748 0.17711991026211277 0 0.2748066186904907 4.066373527065859 0.8769101754593436 0.3487346437100539 -4.05123091236036 4.131850803915185 1.292715767810517 2.184129530776657 -0.8122057708612952 -0.5509538875727809 -0.6049076976187502 -2.792105472764064 0.9991222459956995 -7.331039273208419 2.2618390791766325 -3.7225967481360276 -0.9827750684078165 -1.624556650330518 -4.587860669617954 2.6122863609407343 7.253498949875632 -3.1109141952573722 2.393385250696169
188 752 0.18248259797134658 0 2.0 3.8684872443231266 0.6582048919641832 0.3678263906355432 -4.1782783842938445 4.126243454967441 1.3030640836352905 2.2875302228498615 -0.6860138154168851 -0.36695348061634114 -0.5112918283824927 -3.0059742857227842 1.2349820684343151 -7.188024365155046 2.2823308121954056 -3.7196928957463906 -0.8792672909922064 -1.292573916782143 -4.519265255443476 2.5004282174768715 6.994465511553531 -3.2187360356541412 2.3951662368009803
189 756 0.19273199582672296 0 2.0 4.022472373305684 0.6446201746562658 0.5919264224779872 -3.7699042608537088 4.075422777397982 1.3600740992241072 2.3610311325835505 -1.0887900114820244 -0.17123746199185458 -0.6080672017025728 -3.1726917490673654 1.4224119412485834 -7.124303249394759 2.2772990709057397 -3.674940443582697 -0.7676278678734378 -1.3942985332298954 -4.380016062374943 2.4755141584073304 7.299766879258289 -3.251294503443715 2.5217243004808143
190 760 0.2018421931598227 0 2.0 3.8055453645582915 0.8522902158517074 0.5775305635915369 -3.843137665292605 4.0933127100037074 1.2210098784868304 2.270520274775071 -0.996241567146665 -0.32538377851628913 -0.5638530528756053 -3.2749595404881005 1.4053121959423744 -7.088730775761094 2.335241711175418 -3.849527183021224 -0.7601048140472335 -1.6107783695605837 -4.429065843426866 2.362672811514316 7.57727048640036 -3.2385846376080556 2.4293984335199448
191 764 0.20756616294743407 0 0.06763285398483276 4.009738225114516 1.027671256236384 0.6013673251462791 -3.8029230629233512 3.964838328326927 1.0578616148195412 2.5656098167591486 -1.1434526163996752 -0.8847247836318153 -0.46909508591677884 -3.2394861502532466 0.9333714955167474 -7.195572014086449 2.4387084730974875 -3.8472678966873954 -0.6628885550269772 -1.5522516792663508 -4.361414106872586 2.5292196985158495 7.562724068857717 -3.1642306287127666 2.3141922540783715
192 768 0.21730914255991382 0 2.0 4.1307169579965395 0.5793500135476217 0.7362065056829656 -3.3716404832199514 4.36640066547789 1.4624997945710745 2.6391310363143226 -0.8244171948350258 -0.4224790247653115 -0.591652460799713 -3.3270377728457188 1.5866164597243562 -7.1206793676526 2.4781382315416516 -3.6746082016008517 -0.6080682391486367 -1.7048303123814712 -4.323455871669932 2.554689362920609 7.218225311992976 -3.8661593857565792 2.501206808188816
193 772 0.2245708406521436 0 2.0 4.083506521168629 1.2065408283197117 0.7783640576232506 -3.483639895251839 4.136603399384073 1.1584644034408325 2.647055430571751 -0.34941011787883103 -0.41472507183191576 -0.6659707581399479 -3.3837867750473047 1.2017887471423183 -7.274277277871645 2.2733044587977522 -3.7783393494073936 -0.4487126266748929 -1.6866196321231617 -4.270463237443294 2.397530472125867 7.8973670867521495 -3.5599629226799925 2.6974709513946156
194 776 0.23025624368275055 0 0.10000000149011612 4.14997434066174 1.3617166746980471 1.0024787228712624 -3.3949000412630017 4.080162801310753 1.4015984433783748 2.681635283009591 -0.478299373543061 -0.6987021148833121 -0.600160961044917 -3.3510781166160726 1.3816668653616275 -7.251070778711555 2.299740972526698 -3.78655083074151 -0.828120174614319 -1.824429904437807 -4.300028313284124 2.508649836221251 8.402789238911769 -3.986078225539984 2.6991861636322256
195 780 0.233892071751497 0 2.0 4.278724727721476 1.1189138585974938 1.2639869511507478 -3.336365659536655 3.741894728457795 1.177312057628388 2.617575161801141 -1.461715590561368 -0.6122245594499658 -0.5206832074012827 -3.479867121393539 1.3301710204764212 -7.155333460168365 2.363570972664859 -3.8709353978882906 -0.8224499166774784 -1.6035245564950138 -4.38411751027158 2.38368146994566 8.167208673986453 -3.5408199343841416 2.6904840502370932
196 784 0.23766649593336805 0 0.25131312012672424 4.322420868933565 0.9560674060354137 0.9828047743500283 -3.2484666862072182 3.4998324066998885 1.3874102987589858 2.9532702811948535 -1.3846208636930788 -0.8851565213501573 -0.3688517194188784 -3.219634106951314 1.8436479390801503 -7.527298187724551 2.422858833373384 -4.056662469004376 -0.881255917355496 -1.3887401099839087 -4.719890559703871 2.429734709927427 8.023233202921402 -3.7158724650761688 2.7848303051294607
197 788 0.2390281097340267 0 2.0 4.427985663172898 0.9819541911521438 0.668461804889227 -3.587488592591407 3.5405748737286173 1.2370759648032135 2.637247628891421 -1.2299232721976128 -0.6899404226297335 -0.31138324024406694 -3.5749220065101968 1.9067056776700617 -7.561481537313153 2.350578023961675 -3.683049915863626 -0.6995036309472925 -1.4030622718821684 -4.504015757811733 2.3576205587930334 7.941061642829058 -4.115383138208623 2.8431006143924096
198 792 0.24263733320112482 0 1.91304349899292 4.728462274382216 0.8805306490278362 0.5521176991241121 -3.1380267966226216 3.5985311602504133 1.076020394321756 2.7424277528965435 -1.468195503688249 -0.7322018682844114 -0.25569981559598653 -3.7727197414928417 1.6468421511615488 -7.820611551279082 2.563031354352442 -3.7086844796407883 -0.7846352719394923 -1.4939609678022738 -4.13098082600493 2.352330559595373 7.465858642094249 -3.8773322426283396 2.906169362518377
199 796 0.2398391023638034 0 0.5527272820472717 4.906113240901428 1.161386690848006 0.5117306479010504 -3.5355564626829854 3.8930804826808396 1.1597652604920405 2.6375821777728126 -1.911753582307509 -0.7583863477761186 -0.22560418091102435 -3.4631827313089234 1.5502672081852955 -7.780590646445012 2.4208019685082633 -3.786551877521998 -0.8195452106387967 -1.29880202306595 -4.203194384882465 2.3333322257099427 8.143115952901375 -3.7394572314867927 2.8595712119110934
200 800 0.24264527173144068 0 2.0 5.215526827578636 1.7743271829569949 -0.07235009724214136 -3.380928389872147 3.733109038564508 1.161626154245885 2.9670817473948246 -2.954285378034281 -0.5626321637885997 -0.41679536132850714 -3.27837070280618 1.2998415202078522 -7.532783548282973 2.481620360530471 -3.7087206653694507 -0.8292744508655951 -1.3078873248829495 -4.007841440528935 2.4758818625873276 8.169228571548095 -3.493706943076044 2.7685096815605563
