% # columns="iter, evals, sigma, 0, fitness, xbest" seed=1752488073, Mon Jul 14 03:14:38 2025, <python>{}</python>
1 4 0.4532141562534133 0 2.0 0.1404718133391296 0.4437268819864374 0.5798196906000351 0.08927023395085007 0.9946986668509723 0.0746889479791576 -0.1186084953627586 -0.12698362115587705 0.2180252999668853 0.775002770496657 0.22348422351188232 0.4742369707189113
2 8 0.4624361063139268 0 2.0 0.2206799270165332 1.6101668850062325 0.28111095837324385 -0.15503753509760074 1.4464245906246793 -0.10087519553364804 -1.0736954876865847 0.3520799127084862 -0.8121123709523532 0.542035401045227 0.4824167466962489 0.7711839477587176
3 12 0.5206021349131323 0 0.18518517911434174 -0.3870621483560395 1.5996129489038577 0.45071292188870477 1.200051711076919 2.63450459488557 -0.39513976672936946 -1.7168649533031646 -0.6911854612900625 -0.6615782565187491 0.5068452603623523 0.002624269373106891 1.3353235040510443
4 16 0.5304479309703586 0 2.0 -0.2760517319509466 1.7349300206742118 0.7141274242388074 0.9320375474049406 1.8400546698525195 -0.9190848686373478 -1.3594999681837816 0.3158635873523719 -0.08719247189479973 0.8032654088136726 0.33564121098689825 0.9581053130294528
5 20 0.5132865298079323 0 2.0 0.08464988835189052 1.1291887767294049 1.0385584380011985 1.3196088486871618 1.5727221866181045 -0.22079418098806136 -0.6152220639288837 0.9671019580482711 -0.8672323754337383 0.29435143571239863 0.5578218469928613 1.348005081897393
6 24 0.5008604736612315 0 2.0 -0.1373712118993512 2.1128917003033636 0.9540844769043961 1.5222878504007842 1.047610198671079 -0.4732700133856594 0.10411495356274703 0.9385947842017941 -1.7466625603283894 0.3779079660789448 0.49524105280356345 1.1202711650186075
7 28 0.509278476338902 0 2.0 0.2078448733821905 2.402669226071695 0.7762015289787996 2.1128333768810825 1.0018389457425614 -0.5070757305774739 0.5810917409790795 0.5716004620337766 -1.5157675654375034 0.9182881835218896 0.32426797931507 0.8442037339311041
8 32 0.5147419951245883 0 2.0 0.15170960387796512 2.7636852578317024 0.27262915068336 2.371569172451543 1.034130201102022 -1.1501475531336238 -0.41067879893975534 0.08143778063364643 -1.7220861083551877 0.9740959829062295 -0.44394748842545156 0.7259653650695581
9 36 0.5160612119421559 0 2.0 0.18976857175734566 1.2851621227042147 0.634461246241578 3.0009089056571474 1.397313110338121 -1.8086862608982675 -0.09089313158333695 0.2644710626840754 -1.0611054695398254 1.1345124709329566 -0.4596479761204744 1.3032774000185041
10 40 0.49079158165331166 0 2.0 0.21345373412321056 0.47214122443811846 -0.03145553101538273 2.2910423297476545 1.319773149845184 -1.1954960409653475 -0.1610221323266796 0.36065091995012266 -1.4015053419588013 1.7029923204532627 -0.19818437185371468 0.8648630926757481
11 44 0.47558301288611105 0 2.0 0.25093895285493667 0.36027085059506964 -0.7019051799055029 2.0570851949292117 1.48659900709347 -0.3498687160827888 0.3145679668603364 0.3702734637083844 -1.3222472685565325 0.8440702060182935 -0.52494146440656 -0.09239368481352805
12 48 0.42466047387933226 0 2.0 0.10292287094833166 0.5271511936202636 0.0658030179053044 2.1892832495221626 1.2544936175053192 -0.6988538617904467 -0.2967990205049359 -0.46022973388554955 -0.41694885717425256 0.8195049587682512 -0.7481645261035335 0.547077230695722
13 52 0.392968088415853 0 2.0 -0.2099235847460376 0.7741671906739421 -0.36777361977324896 2.262706137257321 1.4098271490062118 -1.0335839084783562 -0.23438365695860658 0.08623223810748765 -0.6250703755879896 0.8175148019775103 -0.9745959057267156 -0.08979417552161595
14 56 0.3956662899242162 0 2.0 0.0824834567861932 1.42460435594153 -0.16758177470941776 2.1140976682161603 1.1202049377954104 -0.8179437579784226 0.5013455635301374 0.6372865143056932 0.18042966507090274 0.3764840727971212 -0.7249898399942072 -0.7317578934298237
15 60 0.39155083004042185 0 2.0 0.018048802070496008 0.6244069952724242 -0.28505509837349197 1.985111369496989 1.3354339858449644 -0.5789561001249572 0.6362269855936835 0.8843262547438759 -0.1641959225008896 0.5797448560728058 -1.3145862843520195 -0.5841101452757143
16 64 0.40453866634305446 0 2.0 0.5103195203818027 0.6647144190084902 0.0946076846556465 1.8859177408360184 1.3347662371441753 -0.6824316169363949 1.0640692053801144 0.8639913205331445 0.17973428099829863 0.4151405308599707 -1.2624356793124292 -1.3255711409869444
17 68 0.38279829225731205 0 0.6158323884010315 0.3860529506794636 0.38009414030659533 0.0409067500943845 2.281100187341711 1.7274699398092213 -0.5966197449774708 -0.014577558477704589 1.006666503380647 -0.20809453449652543 0.406109205971525 -1.60378600927129 -0.172197223958082
18 72 0.37251957227814175 0 2.0 0.15466733530975973 0.24726393440775288 -0.12842818796944 2.2996593219109083 2.028491080665208 -0.8805830266218475 0.33372369987516914 0.6483578937170578 -0.5841430166410247 0.08810540639970507 -1.6059267529925088 -1.3332669122586132
19 76 0.35626342008184025 0 2.0 0.38320759687909867 0.3908950508953988 0.2884754396076303 2.075607510802874 2.0779939329844432 -0.7941508990411679 0.7963743316518084 0.5770494817830233 -0.7391327012698686 -0.1253749577713389 -1.2258297687506268 -1.3569639268134146
20 80 0.35013689967657374 0 2.0 0.2867541481521212 0.34321334979072815 0.04300297488720736 1.5290494210404417 2.2562581541956432 -0.8311362791426725 1.038383797482438 0.3269068776888547 -0.9278043229156132 -0.04479627439219744 -2.046403528317995 -1.1094368842905804
21 84 0.33976240315569195 0 2.0 0.571491675192543 1.3209481554196179 0.08558281739922086 2.062741716056416 2.2360534403764594 -0.8997887125918783 0.44034857488657875 0.49363031076636116 -0.8585069185459007 -0.11554751662307708 -1.837569408130425 -1.47982801364606
22 88 0.32950903999994613 0 2.0 0.5863965443333472 1.3541624557214031 -0.009904333486097372 2.1117755983442272 2.0459812469315724 -0.9008753069146223 0.11981849504358749 0.6102708379045668 -1.0144431841036035 0.19868875221368543 -1.7436641619065996 -2.118423712736215
23 92 0.35574529288404694 0 2.0 0.5792542351452966 1.0234200445033663 -0.5014284462805199 2.157206339272975 2.3809760667569644 -0.9490381879798291 -0.6451545987123573 0.5754351903008623 -0.908474960587921 0.03342508099301962 -2.410787113493931 -2.3928661768279933
24 96 0.3571778668619105 0 1.8333333730697632 0.34151735705800756 0.7218601161275204 -0.927100603797705 2.1311778198851936 2.142264311984473 -0.834475903797462 0.2274542167410991 0.771004853138164 -0.6312990278014494 0.0007110072225465121 -2.3296375091752064 -2.433468596051472
25 100 0.32935118006530517 0 2.0 0.6119604170100753 0.8886482423101351 -0.276754299592723 2.0481128929950305 2.373812758847656 -0.7332716440273293 0.43497267097748793 0.9413847094590049 -0.3461467470163343 0.09089461721817678 -1.6501506194927598 -2.9213184686794893
26 104 0.3038747880215304 0 2.0 0.7510693526652479 0.3948661607141219 -0.41470771951466556 1.9398452643148243 2.170763992582335 -1.201313039234434 0.18758585131522057 0.8849455137870763 -1.0085447921932562 -0.014207512517822235 -1.6251728208480305 -2.4347083371161173
27 108 0.28647837426722855 0 2.0 0.5400229507749879 0.6751591543909388 -0.31899961911855823 2.184411164526516 2.276169111045522 -1.4227096820515455 0.6072720702260372 1.0389434307543042 -0.9657157910661887 0.19881891753934816 -1.4017800297678376 -2.88001977184026
28 112 0.27213577312469417 0 2.0 0.6338713849476386 0.753688670572863 -0.2984087917749259 2.123651461720947 2.510008516658419 -1.4905286085622682 0.39157276942973596 0.771258091782379 -0.7738594020748539 -0.2502722401152323 -1.3121424473446313 -2.7515259151849043
29 116 0.26384452893104493 0 2.0 0.5527288790403195 1.1047112124643057 0.012089000448932241 2.400258468893867 2.4143415579022416 -1.7149324389588503 0.44918195552693047 0.7372363392378214 -1.2306645734361927 -0.4029565249465984 -1.4910690606328 -2.6097714001154793
30 120 0.2688391038009534 0 1.5564515590667725 0.5094482083409657 1.164910904608048 0.10388414123295592 2.3566470477875665 2.5200770073361185 -1.849619416512015 -0.11695001251083781 0.9324130302213477 -1.3201113991293494 -0.6402170269723928 -1.3890203331295252 -2.571310800777889
31 124 0.2688379892640669 0 2.0 0.7638108793953066 0.8823085559579262 0.047681931757603074 2.3410821840457907 2.0758867856067607 -1.955935701463859 -0.2809533694445858 0.927654754934543 -1.114555597859291 -0.4186670037292305 -1.6469965884466993 -2.899341718502205
32 128 0.26521773503272056 0 1.8416149616241455 0.6631984594230598 1.2528146785049383 0.22551990269512645 2.3446992619873495 2.0990809093498988 -1.928712535074277 -0.44977546294491677 1.1101157063276126 -1.341180945260486 -0.4288920205719597 -1.4211604300017813 -2.9494878878079467
33 132 0.2782392001440367 0 1.966451644897461 1.107691931113566 1.2849715686973482 0.33450812804914826 2.5205986299437972 1.6735394581880654 -1.998531991785513 -0.35312520158092503 1.1408304560306408 -1.4023691404668959 -0.5599640452742075 -1.448791464392474 -3.331628128217138
34 136 0.3049550562080773 0 0.4794745445251465 1.0363837448213564 0.6659522636370584 0.4042394805810772 2.439484321105896 1.8294965574064288 -2.4326007722209235 -0.9948424911457413 1.0271889160861833 -1.097201473493123 -0.7418569480308799 -1.2305980505557592 -3.729040262157453
35 140 0.3202650255988527 0 2.0 1.369576411220851 1.0963818093805644 0.3536051696006621 2.4537388356277114 1.8184905765136483 -2.304784221966825 -0.604252290905871 0.9716819180795153 -1.2780878754644012 -0.7772616624638908 -1.7638628696193321 -3.558633267960882
36 144 0.32909438218199216 0 2.0 1.295684274656505 1.4096490950620995 0.7420969805344798 2.501316730730004 1.985411000418696 -2.189628698498713 0.47098051783161665 0.6671424542171958 -1.1736839422858791 -0.9897849751992308 -1.2461372829135438 -4.216814256566501
37 148 0.3227224878308401 0 2.0 1.3504358865377815 0.7160094478504475 0.45256804813302565 2.419138412663374 1.4669173248267067 -2.0038646657269035 -0.3886798612820612 0.8029757152292762 -1.2875545278162108 -0.8664661949375259 -1.2219825660224646 -4.54377027449811
38 152 0.3046882021591292 0 2.0 1.308112602247698 0.855749498030179 0.2670066248156605 2.5998306893177388 1.6690039379899337 -1.5420731922002897 -0.28839393341435493 0.5752635917567942 -1.2648263058790763 -0.8327291234343915 -1.620005432585362 -4.538663420811676
39 156 0.2912766068634284 0 2.0 1.2992385299858549 0.8141897787490346 0.6857402500264772 2.6516266425788606 1.936352699811701 -1.9701675422070397 0.046076217932823404 0.3663054715483137 -0.9261210806721875 -0.7339687063191116 -1.2905472205062223 -4.4946618196136505
40 160 0.2724497769568287 0 2.0 1.608706636243918 0.5883037271689504 0.4482576094175159 2.776889880626735 2.0886033157025317 -1.693108218818669 0.3306665242228862 0.4460095183319619 -0.8219547704180278 -0.8627177958702202 -1.3238350244934556 -3.9297225297217224
41 164 0.27302996615897435 0 2.0 1.5188110059974127 0.9749919317905409 0.44766534728605756 2.544983310628928 2.4432143117619662 -1.4936841330041575 0.7548238366971679 0.20417213020198466 -0.981526246547511 -0.9209985506540128 -1.0685682383698833 -3.3987112572367097
42 168 0.2660985961222014 0 2.0 1.6061067474694044 0.829157187176144 0.3674112873154179 2.277887815126773 2.0126332051788607 -1.4903796110125738 0.8216358255819007 0.3188879522204365 -0.784430982352525 -1.0009866334739286 -1.4450101057087656 -3.215986022798695
43 172 0.25459447345952907 0 2.0 1.473869628307347 1.0420632702319084 0.4547782288664564 2.4651684606982722 2.4709972621264598 -1.6142679798955888 0.9934744773866565 0.3171460110330831 -0.6687613937658441 -0.9492824855496987 -1.2596587685612586 -2.9722024043586797
44 176 0.23524460931738075 0 2.0 1.399378625371863 0.8317616851658634 0.4917201390739265 2.6022153657010887 2.218484894698095 -1.4729536824572595 1.1360750494527099 0.4608607562593674 -0.7686244175190078 -0.7075954476505524 -1.0262031968148677 -3.996108566845692
45 180 0.21614711935145017 0 2.0 1.6612060074546595 0.7936681040349663 0.5348837206193663 2.64203039380424 2.212463884409011 -2.004987550722402 0.48180460064788555 0.34764332690910194 -0.9804129012994802 -1.0621671439696343 -0.8762758374469887 -3.8557658933391554
46 184 0.19661430740926988 0 2.0 1.6648561769328953 0.616742239673002 0.4485005747017046 2.478260469578637 2.1402486084711994 -1.9123694894067165 0.6765123421713082 0.4277800715950611 -0.8484656028544596 -0.9843935868722269 -1.1011521695462896 -3.0624425466624348
47 188 0.18683548854901644 0 2.0 1.6953416299610158 0.5277378684553635 0.5137743582088807 2.449811039364676 2.1460801935453304 -1.9754169616643633 0.585735178142949 0.29401417176862926 -0.8532310205911369 -0.9469144523902844 -0.7471629777050338 -3.0190100224604266
48 192 0.17459287396965664 0 2.0 1.6336629742255155 0.5184681276173939 0.4835279846127111 2.247981495435937 2.07094405319448 -1.7943850730318736 0.33799724493882494 0.23669846158470687 -0.9372311239281538 -0.944014693740219 -0.948560590568702 -3.3950442949743587
49 196 0.17529839638047962 0 2.0 1.390985119436494 0.36207436607792887 0.5199923284322943 2.2967573026585852 2.3093742682435585 -1.7571827499204677 0.46260820549402965 0.05139007404394694 -1.0729015295406787 -1.0460574233003017 -0.7124565871377511 -3.369704526054977
50 200 0.17692608649774727 0 2.0 1.5662918860057817 0.2930658002215741 0.4680816784868721 2.061170181241364 2.247179896586194 -1.5779410606599407 0.2910568119001808 0.16567162766299892 -1.1371421644370685 -1.110827173122705 -0.7801306757493511 -3.338256466240275
51 204 0.180270130878238 0 2.0 1.5738299880703843 0.16133585167107745 0.3833889167834168 2.0705993137291525 2.546181408632951 -1.90800934358127 0.02564532632904637 0.24781427799932287 -1.1070530694053862 -1.1894219834068454 -0.8570532718356563 -3.604151534098155
52 208 0.18338522858149 0 2.0 1.7194160081511163 0.30266774775973315 0.29800389877300454 2.0944374558028227 2.6440436152817886 -1.9161927133018568 -0.1383983404623439 0.4258997316587381 -1.1767341646181007 -1.1759000073884267 -0.9259520238935625 -3.6508107714667744
53 212 0.18411478152150262 0 2.0 1.6592484522833086 0.38282070728378503 0.20348951393923426 1.979000644746223 2.387965011724058 -1.9817346649774328 -0.07040066181506241 0.3288978477480109 -1.3582881576468406 -1.1159441154837335 -1.1041489272260818 -3.454996569238646
54 216 0.1814866125942452 0 2.0 1.6236358169609661 0.14654412654505602 0.24344888678960008 2.029509425797328 2.4460119950590884 -1.7572128636833035 -0.4281361947740979 0.23987375943320965 -1.2941937799543786 -1.2715220074542581 -0.9330090565398134 -3.1265039093594695
55 220 0.1744318259390928 0 2.0 1.527315095176251 0.13583730254265985 0.22283102853146486 2.1717391042213343 2.39497181053716 -1.8794702794580331 -0.44622715825643855 0.25515137973010155 -1.4605797758374297 -1.046378156069299 -0.893339847743881 -3.139219589953519
56 224 0.18432895528454282 0 1.9285714626312256 1.4631448734389578 0.22805361155599785 0.38341952778344324 2.248306975322432 2.4758049973890595 -2.014512183075968 -1.0293624019356118 0.6529218509847805 -1.4680616537342064 -1.1413924826180202 -0.7438698042045528 -2.9780197348611663
57 228 0.17852783881547662 0 2.0 1.4615018914277647 0.3502182339205875 0.21016253274781352 2.1654612077922444 2.4987311653706237 -2.013167901962147 -0.6382176657939636 0.597314881899192 -1.2613630843468204 -1.0415649268661011 -0.6956689121747489 -2.976400137609588
58 232 0.18357499151773515 0 2.0 1.2215470350660926 0.5474925460598755 0.13773975049834247 2.0694807058531173 2.793683019994817 -2.1166125059541536 -0.5878492992372032 0.44586076361284 -1.1406993525375118 -1.2441675815274322 -0.5962625378860437 -2.8640745112025905
59 236 0.18281267003927643 0 2.0 1.247355799404555 0.7423330880812291 0.12547328777776284 2.230607852380418 2.6796932731111296 -2.208751781367408 -0.23175214362795926 0.3626892071951231 -1.3129473745458586 -1.1325452857482543 -0.6426191966402269 -2.9098328246818492
60 240 0.17738235829639512 0 2.0 1.2312201307300206 0.8065886429051627 0.15124434587633107 2.0521269599830534 2.632357081832833 -1.9003209317250982 -0.10297676700800135 0.3518057793563192 -1.3748080969020056 -1.1070416350559789 -0.781339454613134 -2.8143985837457124
61 244 0.16919930537437675 0 2.0 1.2109333138941925 0.7584982344477822 0.09379122933153144 2.124070769374028 2.841877736466153 -1.8748402701805027 -0.4507714221225513 0.3969985280131803 -1.2948016222266632 -0.9818013472242264 -0.817345522919343 -2.763960446156829
62 248 0.15459658950790583 0 2.0 1.191145548082751 0.6360691410936059 0.14410485585906693 2.037370538915081 2.7935493156030304 -1.941724090701603 -0.2644286964001361 0.3447789986688015 -1.0783313945585247 -1.0429066619461216 -0.7774945372777342 -2.7815774500928043
63 252 0.1527275889421265 0 2.0 0.9995188568381991 0.648066263323012 0.09751261411208245 2.1041838974940847 2.9156114924265233 -1.9995343341650786 0.12121050935588001 0.29756113680309537 -1.0005859009109395 -0.971217765135245 -0.6008460676831437 -2.9033126479476343
64 256 0.14011380046645652 0 1.8690475225448608 1.1157465913655848 0.5436118660438161 0.09984267972968312 2.126032811991409 2.8889770401879877 -1.8744472636314904 -0.09099770257538396 0.47586283814513963 -1.1727798937488663 -1.1329891343448426 -0.5970360427313613 -2.818945816840993
65 260 0.1316551491677822 0 1.6728779077529907 0.9951346881830445 0.44186759924276514 0.03410835596152682 2.1634920252501493 2.8987528472493547 -1.9392771663303798 0.04643179055936476 0.42942256734688256 -1.1810840777396217 -1.0449257986709968 -0.6894055618057854 -3.02422453079444
66 264 0.13736880859237138 0 1.600000023841858 1.0047129882886068 0.19098933565057125 0.1437917738882926 2.219064968004322 3.024794819583252 -1.930676265786534 0.24449386387661437 0.6819374979084775 -1.0533418924376896 -0.88072969314997 -0.6852046889332668 -2.83216594032548
67 268 0.14203201776239516 0 2.0 1.071021889218359 -0.02502155611809964 0.10020915593298485 2.2853546387976156 3.023157145738059 -1.9868785757929412 0.33936875350441786 0.6670495062808225 -0.9789982142506632 -0.9405222623380787 -0.751072120645692 -2.6356500339410514
68 272 0.14038756237116345 0 2.0 0.9131539854971119 0.024940843121097907 0.15105388892884092 2.13391849252712 2.9611064286807958 -1.9589465879086634 0.4919552128801472 0.6858427499757944 -1.1296839258067293 -0.9438211440079637 -0.6041511146818195 -2.8265351298415013
69 276 0.12637265388285052 0 2.0 1.057612767909375 0.24147670663736903 0.0710872031385467 2.230020560694619 2.908544354809136 -2.029277396909542 0.34061072560802824 0.5726784277645977 -1.1617385444270683 -0.9683824716880146 -0.5300215538016664 -2.905655904579251
70 280 0.12221891162949079 0 1.424137830734253 1.1806214367357704 -0.04880279441207441 0.12130352125975385 2.3142513269597504 2.8966839430797857 -1.9452124862297835 0.27534219806715654 0.6586294266536167 -1.1520048250212567 -0.9546615168692265 -0.4010499888986051 -2.795636962417817
71 284 0.12301723363311005 0 2.0 1.1309530041291334 0.21872775276672585 0.2275944049068247 2.2739390757289155 2.6815816585049825 -2.135161839617384 0.32324138246425926 0.4549415095184244 -1.1030542480901562 -1.000255569557996 -0.3087775775405408 -3.007208528747669
72 288 0.13304717217600484 0 2.0 1.1820807219255374 0.23803767617179028 0.30977918044035974 2.2837342210995635 2.6636121787796805 -2.123382557045522 0.5438469690630959 0.37766863033538944 -1.0209655462565865 -1.0094503815728586 -0.20743237820828775 -2.7961506741709448
73 292 0.1373674571448236 0 2.0 1.0982470880537627 0.39353534694318654 0.346067789814251 2.3115813076941216 2.665104190524024 -2.0185219413881286 0.7559324968157971 0.5131308524375058 -1.1748690571954286 -0.9280145836058684 -0.23119777299189243 -2.6485908821463293
74 296 0.14306225670631728 0 2.0 1.1183643790838222 0.27489201968984117 0.41883538368126644 2.2920107215950742 2.799180615334384 -2.126232938953051 0.5432322639797136 0.4821788053695244 -1.0846524093837613 -1.0113069859387123 -0.01995338337645375 -2.598720480501976
75 300 0.1508976435099251 0 1.0763635635375977 1.179935146540288 0.46421145575958567 0.4158659078300843 2.2166909797852044 2.949015710992718 -2.238489231222758 0.485687038657027 0.18638101505839405 -0.9362513473143734 -1.0487707336723238 0.039677516162821475 -2.5258986134330277
76 304 0.1613506655884453 0 1.9285714626312256 0.9796098660540209 0.6105442308218069 0.4709025983468216 2.2233046519630806 2.6802843927736 -2.3590601091223458 0.49821554086838743 0.17092460148388375 -0.8820555690117725 -0.9561028891909717 -0.25900127958246555 -2.2979160312287528
77 308 0.1719067269953403 0 2.0 1.1724551705235151 0.6683514774663688 0.41998705114619383 2.1690280671109066 2.7066607847064947 -2.3946289381167136 0.6738294802533279 0.3947174126660553 -0.6640276290982798 -0.9125030304806605 -0.44458885528616754 -2.0747615231576795
78 312 0.17271864460457245 0 2.0 1.1270929162791625 0.2568732794488512 0.4707956470408603 2.1336917590354396 2.81714549147705 -2.315647423901792 0.4112272563706735 0.4442088751734481 -0.6634181167794784 -0.9023660850751193 -0.6830355046547791 -2.146876134197186
79 316 0.1605681019795376 0 2.0 1.1728405282912104 0.23059667685989332 0.31783520543577526 2.1823205005477826 2.820273168343217 -2.2067287457119193 0.49195516257334676 0.4310289778728876 -0.643207811308965 -0.8352481134565956 -0.5341434104067322 -2.347325857315315
80 320 0.15803181647499204 0 2.0 1.0236996934778557 0.24289684781341486 0.26215809327824807 2.103562186035992 2.748651876305234 -2.229916138061067 0.5608443041471975 0.750841057310906 -0.48901278618530375 -0.8128946043162587 -0.5478917678924908 -2.305557862813477
81 324 0.15893622339989874 0 2.0 1.1030598113013086 0.08271702617856086 0.1425525093870712 2.1605930384436918 2.644560914105978 -2.091431936792133 0.6267980532161246 0.8379680454931395 -0.45073763569453035 -0.7623139034500432 -0.6587066512874394 -2.326894672032708
82 328 0.164818117234191 0 2.0 0.9906628233317551 0.05283950266686033 0.1048280797876387 2.2984948679085235 2.7827144317309576 -1.9608473272273557 0.4619000287668497 1.0750542441471835 -0.3639267748928615 -0.8252812752841355 -0.6168300574979788 -2.2120452716273533
83 332 0.16124631169918835 0 2.0 0.963701424764067 0.004409966063104315 0.056423277622563925 2.246363422050708 2.6753846483844486 -1.9170360924564511 0.24251383011831723 0.8106051244095575 -0.36297450171710255 -0.8825392043690073 -0.6339613319427924 -2.4004236103622563
84 336 0.14798757080819228 0 2.0 0.9444921544970781 0.06461764174834389 0.04107415215970838 2.3101761236029517 2.774150706684607 -2.1002231079779614 0.5665307821301754 0.714826576334741 -0.2773335929490711 -0.8082122136479712 -0.6127450309004793 -2.549145935293292
85 340 0.14374023259852686 0 2.0 0.997487289976297 0.06988689653159301 0.18060225936034954 2.3331657815302504 2.8221649268644975 -2.1533706828452015 0.6441894321520902 0.7707644001735711 -0.13323899925937996 -0.9536967674346732 -0.30047017750701654 -2.472568452767317
86 344 0.14939797052735304 0 2.0 0.9336317488428069 -0.0030938605674738565 0.2314662270271977 2.2431469206078662 2.9865615402954355 -2.1738179984423662 0.6304680940733352 1.0456424597498837 0.004710812767426381 -0.8997757058259289 -0.3008837144309925 -2.563507872322479
87 348 0.1419729744536672 0 2.0 0.8664781825708118 0.05858212809085567 0.1842434103584643 2.3146335423673996 2.904013856415526 -2.130955888486124 0.9424088598418912 0.8557956835275737 -0.1290499390953784 -0.8502578958377136 -0.4571338267388323 -2.557197877832329
88 352 0.14414392539686655 0 2.0 0.7933688432884343 0.2805870734459327 0.2012779321034639 2.213543426202613 2.9781642150494467 -1.9331607117860086 1.120441367037229 0.7966717082529825 0.022313193664716277 -0.7856107028000456 -0.6862092616103994 -2.3723097080732716
89 356 0.1384030557806851 0 2.0 0.7584553240748542 0.3727073281166128 0.23097223301701167 2.301117453554776 2.8284879335709485 -1.9678483590676645 0.8249986952925276 0.6488416795023123 0.03550289726763495 -0.8342344388730736 -0.6607987733856748 -2.241060117380613
90 360 0.1416301327479453 0 0.7855952382087708 0.8787584155059024 0.6926244157955337 0.13005761303425106 2.4554794986019135 2.900865561880491 -2.162081727821525 0.38123613117753513 0.8817477819346624 -0.08919021656674733 -0.8047480618807334 -0.9358091444719574 -2.3594854734532227
91 364 0.13420394845916617 0 2.0 0.8077417818130542 0.6021785994928428 0.2373177310787474 2.3920254357362034 2.776810669827133 -2.0237129355418313 0.6625449039768665 0.8051507302438672 -0.16287048071069585 -0.9005458630783101 -0.9465678310689847 -2.656466775614961
92 368 0.13487370508182833 0 2.0 0.8129868858426659 0.6297550677715202 0.2899147643442407 2.4431915263014394 2.668397985203717 -2.270823094327638 0.6278727876890657 0.4958455902681456 -0.09711185007564864 -0.9183004537379763 -1.0628756833962076 -2.655803605825992
93 372 0.13848617749584596 0 2.0 0.7862497153752656 0.669222449493268 0.3758299354488224 2.406843025073785 2.718074621199435 -2.2460861428099683 0.47805299458320305 0.4473186809526223 0.004525233495566133 -0.7924819624996309 -1.0592388181063952 -2.5824560948523394
94 376 0.13195082072321887 0 2.0 0.9017120812866396 0.757239130218118 0.4719883842648441 2.3926091066351822 2.732212314556347 -2.090966022133003 0.5658919314822808 0.5319183661918445 -0.17695263269722422 -0.7952729923965101 -0.6018985116361243 -2.583386128747392
95 380 0.12262204724271869 0 2.0 0.9132532362831648 0.6442134796569606 0.3685737669113841 2.3756948662047797 2.722482655961631 -2.051612815746353 0.3889873859622297 0.3654662589450304 -0.19032645899054063 -0.7678294581217738 -0.664008964538233 -2.6324062032465996
96 384 0.11902769960866821 0 2.0 0.9103996479377212 0.6610674350550739 0.38440999556398836 2.4478272568034267 2.7402517066053322 -2.050625010687193 0.6201007271762483 0.23412940103337695 -0.2641682234163415 -0.7170724429203889 -0.6341746967016975 -2.5093155380100547
97 388 0.1142454220019278 0 1.3333333730697632 0.9000018742527999 0.6328025075240757 0.3970148315333374 2.4911161054999464 2.706711066095197 -2.0993197623655853 0.5268602593915731 0.09906447044039393 -0.10641457994299394 -0.7852647750007942 -0.5831352835799734 -2.7032574939589797
98 392 0.1059057442601192 0 0.08333331346511841 0.9639635742536499 0.6023474786411144 0.3795710901540188 2.448517774041275 2.744877299231976 -2.0729556392153916 0.426282812526108 0.2937028883710251 -0.19808484328719675 -0.6813942982770013 -0.4097578169212984 -2.4732786358065204
99 396 0.09838439458276721 0 2.0 0.9954884760585763 0.613451700052781 0.28429984567094657 2.4287642554509703 2.781684053960497 -2.029943252816682 0.6533448693170131 0.4329329439905096 -0.34779866927674985 -0.7300289454980815 -0.42457051244507527 -2.466940588823204
100 400 0.09151377366577745 0 2.0 1.0328493624312887 0.5593995797486322 0.33675958418222884 2.4944697362376815 2.6818619850883225 -2.025545655001023 0.6376388105198724 0.3793514069524795 -0.24158179361399573 -0.6924482088702559 -0.3510849300939519 -2.450404949963086
101 404 0.08523223807572697 0 2.0 0.9796925208906067 0.6053148347232993 0.3789726781341312 2.4961815724721372 2.701160354450536 -2.1680917706728366 0.6960241840227401 0.28523838027765575 -0.2809996336890617 -0.7156419671610836 -0.5357228017700875 -2.3692081763871884
102 408 0.07981208574313471 0 2.0 0.9961690726802457 0.7283274074114579 0.3160148747284254 2.454514998457567 2.680622065051237 -2.172824039712922 0.7781078214924387 0.35766880782981825 -0.3152928059665844 -0.761593756524453 -0.4010561102507662 -2.338708680925059
103 412 0.07326733809920725 0 2.0 1.004288052921347 0.559793097787579 0.3999652891783727 2.4586473156433497 2.674648485099244 -2.1088226022904095 0.7574638736236777 0.4148124799355926 -0.3199610796890799 -0.7456966558411626 -0.48740974424311334 -2.363002318388593
104 416 0.06970345912198113 0 0.5238858461380005 1.0305952304107187 0.7135781329057986 0.36540247335681975 2.473458864731339 2.696743256071599 -2.186217010878243 0.7621998332799841 0.3868067198136444 -0.4387074348992914 -0.696764425314368 -0.4609664184545377 -2.2918314172425105
105 420 0.06237296821037184 0 0.6100000143051147 1.0189679311627327 0.712643486509428 0.33519096320988667 2.4370775493916246 2.726399960885266 -2.155659205627889 0.6672581429038631 0.2785079313152224 -0.37846464471700775 -0.7307476072586142 -0.43839165983432293 -2.3949097256262073
106 424 0.05937236262860515 0 1.7634449005126953 0.9948233161670489 0.7011069607924062 0.34229996481758684 2.397761603054216 2.7258308022588893 -2.2154279998613755 0.7554154076277555 0.22512969533291893 -0.3960283524934174 -0.7329663795656592 -0.5410897555184591 -2.319934390282903
107 428 0.05758446232499051 0 2.0 1.0149059969969871 0.678132832976968 0.306731548321978 2.4074439433622583 2.7267925324339406 -2.252258468646644 0.6978889478250747 0.17261879746906172 -0.28338790697163063 -0.7165908455119262 -0.4736324563110704 -2.2882792768454547
108 432 0.054769458135260074 0 1.8485714197158813 1.0013558177906847 0.6187159135465291 0.2934401430147135 2.4037946859857557 2.708304414081263 -2.1996087874307055 0.7105420663358839 0.15682250951236182 -0.3415422849177596 -0.6990206473870589 -0.41021257426972374 -2.2494929185625967
109 436 0.053580265261315776 0 0.7443346381187439 0.9589052818284731 0.6554189711611998 0.3029360383084986 2.408134055223885 2.6886128104311284 -2.199085459247067 0.7966530509536133 0.10613256067594751 -0.3112221432518001 -0.6783485261149127 -0.49320607245497705 -2.2448438880739836
110 440 0.053876029636726816 0 1.9354839324951172 0.9683112560956322 0.7279457484857159 0.2993810903538713 2.3823221486965562 2.7097826689513935 -2.275884578724816 0.7705723930292073 0.2010788722213619 -0.3086908809463888 -0.6579190466892809 -0.4928321199559006 -2.1904170111345715
111 444 0.05540312693581293 0 1.8523627519607544 0.9491277196985527 0.765025253028551 0.2689041475072355 2.4055842659161573 2.658827101978982 -2.3047122144679606 0.7669236706404797 0.3481961621404851 -0.304585408249925 -0.6718686324007733 -0.40205182325951977 -2.2063130105994992
112 448 0.056371350005702384 0 2.0 0.9692855151597795 0.7330375813019265 0.2840303095659438 2.394666433600634 2.6651497021647828 -2.3442602590544404 0.850445442306118 0.3446723350632213 -0.29844727365788326 -0.6522126649290857 -0.44574376185366865 -2.191705671535102
113 452 0.05632420373562542 0 2.0 0.9472984916215588 0.7151682535890608 0.2857777414327516 2.3979537382238125 2.656452018087236 -2.367002584739846 0.8330155257917194 0.33265786627143906 -0.3289422172602792 -0.6657064650373317 -0.3650192922796367 -2.180602688652218
114 456 0.05829530476757644 0 1.760223150253296 0.8658760727516479 0.7722108337518595 0.28755426322628097 2.372559113433315 2.6928542342339865 -2.3239826643547175 0.8393896235999466 0.3689502493517354 -0.3421127588273584 -0.6379085838213403 -0.39470081902160076 -2.1273931433000812
115 460 0.0584998133350872 0 2.0 0.8701775447017202 0.726286247109841 0.2813257868670696 2.3546181733721827 2.7219680368327115 -2.287754337538642 0.8630127917658675 0.35480640377824346 -0.35966952788787854 -0.6176658692454642 -0.3968108402483095 -2.1785943157398457
116 464 0.056617088746938674 0 2.0 0.8604652860712995 0.7590086988153695 0.30052613048316107 2.366294853542919 2.7144043223117826 -2.2875655071351346 0.789249995119848 0.29673845593133474 -0.38372547360820064 -0.6322671076797747 -0.3903666267018075 -2.0902337523772236
117 468 0.05633147156698595 0 2.0 0.8342468789454953 0.7874953411771103 0.31084808446018775 2.366027208150621 2.7776083476362396 -2.32460919218362 0.822681006375296 0.3009174339574429 -0.2709512854976634 -0.6282370570800323 -0.4258323283391405 -2.052949429636617
118 472 0.05367184547202731 0 2.0 0.9051108345101955 0.770076076895233 0.31579571050882554 2.3738396858197053 2.777891947420433 -2.3370337006868755 0.804039399250188 0.25204769194621324 -0.3404904861222899 -0.6158852504009609 -0.3908570959712853 -2.0676006175923676
119 476 0.05163637288046928 0 2.0 0.8915818146904458 0.7890073741794248 0.33591979748530987 2.376500647897924 2.7940767790548082 -2.321408285938817 0.9385350454557654 0.3314659488697359 -0.340832451204258 -0.608453654638417 -0.4577881282784907 -2.1087453956486395
120 480 0.04996615234491928 0 2.0 0.8558053193351911 0.8071611089968543 0.33716935868065473 2.3622002397554125 2.7695592708640002 -2.4112910028516255 0.8438539603123599 0.3048090909076578 -0.30331483217200017 -0.5916721982881069 -0.41463819340504315 -2.0726403100345245
121 484 0.04764435313260408 0 2.0 0.8413664138967023 0.8482232012196115 0.331192365294021 2.371956960469118 2.7313035596566477 -2.411800900587912 0.8343991403771093 0.29172568108250724 -0.29126026926542625 -0.6100383456546579 -0.4622181468821765 -2.090993863117509
122 488 0.04423148664396422 0 2.0 0.8577914291241753 0.7903302607043636 0.3465084524988374 2.354922416678761 2.7461142345611917 -2.36426559434817 0.9447058217713156 0.3424408230945637 -0.2822571994412653 -0.616901801806278 -0.49646875368543864 -2.1503722256399707
123 492 0.043545786475308546 0 2.0 0.9070114954676939 0.7997356473614352 0.34958855687238044 2.390262705926317 2.7217030801062254 -2.318022797633116 0.9627673918489719 0.27048346606514595 -0.28062813309054635 -0.5921018783414103 -0.5288269067182975 -2.1309240782507715
124 496 0.04277276565924148 0 1.9176470041275024 0.924622152543578 0.7665682449579971 0.39482215759499634 2.3828665089501846 2.751179448176495 -2.3372861736536237 0.9410683232800762 0.1923550369300984 -0.32801640737411575 -0.5963912154174535 -0.4929027576178168 -2.058735587378824
125 500 0.04322970354199634 0 2.0 0.9248451803892617 0.7237883606101775 0.3887583968166262 2.3676207969899856 2.7260907048906495 -2.356626522752462 0.9699632890719995 0.14357807899001587 -0.34390592490118577 -0.5848618362747087 -0.5054392261151066 -2.1070825419718804
126 504 0.04278058225097069 0 2.0 0.9554461044375185 0.8286357684588253 0.3942895883792163 2.3667277403908846 2.727582259856725 -2.3537360326433663 0.9294571592778372 0.20081579199134325 -0.32025410145229183 -0.5797891894190944 -0.4753037680576184 -2.0348929441910446
127 508 0.04216522875663186 0 2.0 0.9675806124933379 0.8176193252540775 0.408145814748517 2.370893295191996 2.7137615556924275 -2.3561175771325544 0.9538942733478998 0.169378185608509 -0.3538995006007566 -0.5838813568943606 -0.45094387242082506 -2.083837287062959
128 512 0.0393579848451565 0 1.275357961654663 0.9875332438829897 0.8435340096573414 0.37536546641482127 2.367366326498214 2.7307649399349407 -2.3975322534192385 0.9406775481511762 0.23436739956840769 -0.3587133973637277 -0.5794948357650673 -0.45885865427381556 -2.0507129205918373
129 516 0.03719426959954831 0 0.5357142686843872 0.9260132788449702 0.8343191325499673 0.37727737938194217 2.390641677108362 2.76421890893603 -2.4292949237675865 0.8944536125564481 0.13747245249763856 -0.3209023999533529 -0.588527283438677 -0.40987785719913905 -2.0984175113805446
130 520 0.03829764175593405 0 0.48173147439956665 0.9106590144222909 0.8344461207084095 0.3760444379257249 2.4123487508883037 2.766238401184949 -2.435668697561034 0.8767918497551992 0.07758567821808433 -0.36489185835286053 -0.5742899011207798 -0.44066403033206636 -2.082998280391774
131 524 0.0376701780138836 0 2.0 0.9005505928103733 0.8067445600913091 0.3711807107999037 2.4154435718968004 2.7622779600452594 -2.4226344006679796 0.8189890822624317 0.12672538113249132 -0.36158071404686937 -0.5795994656910529 -0.4855562578975012 -2.0629480358329153
132 528 0.03739684647429187 0 2.0 0.8683871151217178 0.8301357276208997 0.34035295818106764 2.421570188730186 2.7622764238952504 -2.445768625679995 0.835247917151848 0.0988993277289647 -0.34821393115112526 -0.5692836287075482 -0.46410790300076804 -2.0816965943138253
133 532 0.037294653215465615 0 2.0 0.8637920398826457 0.8508693782161695 0.3365698516622556 2.415286356073848 2.7260954193905524 -2.434905023019672 0.85032018381475 0.10749980041422531 -0.34326443516543853 -0.5566317586326853 -0.4847132800186356 -2.097884445286679
134 536 0.038592949401637586 0 2.0 0.8895347525242892 0.8963259757234114 0.3070203429812006 2.411587171835564 2.7258747765587072 -2.38436054744274 0.8054458352682413 0.1314296635142476 -0.37628827124430947 -0.5403749196127107 -0.5256888179640375 -2.0620261373310695
135 540 0.04084115316719405 0 2.0 0.8832101681116403 0.870192160836692 0.32083962238233404 2.4160559117310756 2.686447748870264 -2.358136032921899 0.753662306104807 0.0944618984768183 -0.33136784446837086 -0.524368922794159 -0.5461010961881997 -2.0788635261383597
136 544 0.04229166916297954 0 2.0 0.914071963576093 0.8541462305512195 0.27742710607637866 2.405966784863948 2.7094851457949347 -2.347920524519792 0.7400702231130181 0.11417272721325424 -0.32356412855132016 -0.5212399654148266 -0.5454054272711596 -2.078772334076005
137 548 0.04262725550468676 0 2.0 0.9453319991199075 0.8639934363174598 0.29411614929240487 2.374194014899479 2.701204342399573 -2.3374635754921123 0.7267571436297531 0.13897323173149656 -0.33584297312388384 -0.5435798247953244 -0.5489445680044729 -2.0949713405173123
138 552 0.043370075595902835 0 2.0 0.9628933701639545 0.8262656099919883 0.2706293223664327 2.375081414891155 2.706946846229541 -2.2958433847865036 0.6875269013961479 0.14914518149241915 -0.35175799596600965 -0.5402498570968841 -0.4677466890962756 -2.1001317671592266
139 556 0.04477400087088207 0 0.6376811265945435 0.9495289548167771 0.8983667844358286 0.26302054297887417 2.3884138723258084 2.74908079910444 -2.2678766169557947 0.6730386883931933 0.21515310886700123 -0.35642351812773043 -0.5495250911723104 -0.4449955501544491 -2.0274996709547275
140 560 0.04397057495939497 0 2.0 0.9046911753613032 0.9297349160373596 0.27568719123358704 2.3902386294003626 2.7130792147813727 -2.2984799752423726 0.7834690477404496 0.18307898545254503 -0.3048226984600752 -0.48310081706499686 -0.4459473506342006 -2.0101657362877985
141 564 0.0434564487706713 0 2.0 0.9240318469670192 0.9457394469079798 0.29569944707714085 2.3761032945374896 2.7215457949127164 -2.30872476744659 0.7283761204240138 0.23412842167984196 -0.28469854845552034 -0.506930272485734 -0.3980005191023662 -1.982814354405499
142 568 0.04489772976217514 0 2.0 0.9371634726496482 0.9295986094391074 0.31946600007356923 2.348607566823025 2.745171938657137 -2.3216954285557274 0.71172929232539 0.32785957381002806 -0.29182289904996084 -0.5056486291982053 -0.4403959051002535 -1.979717978174514
143 572 0.04442472711267277 0 2.0 0.9621855893401643 0.9440141965817394 0.33481827268943065 2.358514317855263 2.744206647825449 -2.3522553359519867 0.7803070959705046 0.3109639885896072 -0.29421657301531495 -0.5026232618944896 -0.36702562914234677 -1.9843616311175352
144 576 0.04387050916183989 0 2.0 0.9403859702623717 0.9336559536573459 0.3217805003409188 2.3658226281260433 2.736559640948121 -2.367066201465623 0.7156709209981365 0.15660868471051745 -0.31198284162899115 -0.47059397525958535 -0.3384916751961913 -1.995952406908124
145 580 0.043078470513881646 0 2.0 0.9250060749978213 0.9363628905422137 0.3324205744347849 2.374531633939933 2.7138108668405487 -2.3636532224240177 0.7510385668396389 0.1661671404908353 -0.3345031174623552 -0.470690967125455 -0.27696357327230686 -2.0439428909948107
146 584 0.04377324902466972 0 2.0 0.9304844120465239 0.8954951607034469 0.32351559461937646 2.3769901666652773 2.6998211571094943 -2.403489480112295 0.7740920602430607 0.16681919897785547 -0.3426564177176788 -0.4597562198203365 -0.235525914674549 -2.107074792578381
147 588 0.041653504771954154 0 2.0 0.9099031821414374 0.8688503062718056 0.34447362240801244 2.3943837680098636 2.7112500183759454 -2.3923513371029914 0.7582520556058163 0.23538400521615307 -0.32288714835736465 -0.4421365423699875 -0.3460220945119201 -2.0565060106770963
148 592 0.04199496073879745 0 2.0 0.9172872952177304 0.829704168823822 0.3479421062529438 2.363189129302862 2.7460416346383147 -2.379463133107264 0.775577842457992 0.24580512985144848 -0.32457482040624247 -0.4193481189515926 -0.26757616231237935 -2.04505941530295
149 596 0.04214869750924134 0 2.0 0.9408545630990767 0.8212068091652857 0.3651126804936462 2.3627134263373066 2.747388327933681 -2.378672209255035 0.6931542077672433 0.17816549913232027 -0.33852937742024236 -0.416468155376837 -0.27938992071367386 -2.0288299746325826
150 600 0.04288658405568939 0 2.0 0.9474595073397918 0.7804085673018453 0.38295252526483975 2.3679212437935835 2.7040828515597113 -2.375372315659449 0.710502438206139 0.1352324634468336 -0.3664132477467321 -0.4145908836591641 -0.2677527546451297 -2.0215358540201276
151 604 0.039554275853259505 0 2.0 0.9061489297245976 0.792812905272735 0.34873576181748317 2.3683378244916593 2.7078178785664297 -2.4143622766089448 0.7834260939539164 0.23682889169373592 -0.3464169461224391 -0.41789185335346996 -0.32677707752865665 -2.0330671821697837
152 608 0.037866373993460906 0 2.0 0.9106576611646277 0.8156391524057321 0.3481733373705699 2.3945651355032034 2.687848680731326 -2.405211411567229 0.7228208949214562 0.23105628598466307 -0.376635246932225 -0.4289842681386153 -0.2930679872458859 -2.050332349192583
153 612 0.03569388628937308 0 2.0 0.8916253370116207 0.860109345416571 0.37071719980582923 2.389581645794606 2.6853712819412605 -2.403030944545168 0.7366690573661475 0.28959182580855736 -0.3853817345859208 -0.42378203783164886 -0.30809112969337615 -2.057815983050489
154 616 0.0347500049043946 0 2.0 0.8793127124298606 0.811302106448134 0.38906357862320873 2.3699500645153133 2.6784685795712773 -2.4329278175155946 0.7311683727394208 0.30462185567347777 -0.392498142712234 -0.4399335594924252 -0.28389297046333467 -2.06682544465649
155 620 0.03411588842856148 0 2.0 0.8946133992054488 0.8586524815041625 0.3980440589103662 2.3969012034965775 2.686420514987081 -2.4119523522893744 0.7089737472799372 0.36341320746359335 -0.39882552476754723 -0.4497098434842629 -0.30292238025108975 -2.08404648748495
156 624 0.03128036356933137 0 2.0 0.9034369928933864 0.8471286215642957 0.4044576379533737 2.380736902239291 2.71435972681595 -2.409000697734669 0.7357974043625384 0.2679369401326571 -0.39362451405400783 -0.4656533210697361 -0.30064388134690967 -2.0915609010996326
157 628 0.030335673486013494 0 0.28377705812454224 0.9149162893044448 0.8939366897666334 0.3755363269025707 2.3646196139124873 2.7301135061175774 -2.388930260220028 0.7527510014312578 0.30723410074508706 -0.3697950670424793 -0.48313384667938736 -0.2697717720594389 -2.1031771553329404
158 632 0.030443150256593887 0 2.0 0.9174003104175529 0.8881330040668731 0.3538047915336103 2.362119987572946 2.7566361252442193 -2.3879951762789475 0.7207949122858502 0.3010180807137064 -0.3416651451142175 -0.4737595443303201 -0.32325233291402405 -2.094337055448452
159 636 0.028546947069206827 0 2.0 0.8925195343766108 0.8632537883160364 0.352326321663562 2.3663501800050977 2.736988609736772 -2.402478515381859 0.7741218155101715 0.32365723292316834 -0.3573027667978365 -0.48475690781087655 -0.276801211163992 -2.0784515123653686
160 640 0.02594375106117475 0 2.0 0.8863854984801478 0.8748095061832958 0.3748063279030709 2.3805712237645884 2.7298081146058255 -2.4182894867867875 0.8000568327677748 0.2855340734567393 -0.36244229026869235 -0.4587287562115156 -0.332482454533497 -2.0619497794433865
161 644 0.02398893927971569 0 2.0 0.9045835615512191 0.8687938185758474 0.378938501782091 2.3699764280876288 2.723489174956149 -2.421741963423865 0.7824585452015728 0.34092261087361797 -0.34614350708616826 -0.46767273725481345 -0.34691247291406996 -2.054696727122857
162 648 0.02332714982483641 0 2.0 0.8900949334770215 0.854053408228431 0.3573607726869622 2.3684819793522145 2.736511570915837 -2.4580772189130022 0.785816271449461 0.3463187354133036 -0.3485393200784444 -0.46792378486677305 -0.3196753372498408 -2.055822549750119
163 652 0.024032250389758158 0 1.9046154022216797 0.8939732069483438 0.8378643439922345 0.3643192801221023 2.3728252975691473 2.743657920582293 -2.4783194203373107 0.8024318204224541 0.35497452351287445 -0.332659426439415 -0.45991170528477004 -0.2950368119603186 -2.038922548216763
164 656 0.025600267499933826 0 2.0 0.8762738781479349 0.8512114703945833 0.3537828268375733 2.3847895476767413 2.754829216985147 -2.4872088875546416 0.8144947767766847 0.34930601021709323 -0.33826165895340626 -0.4703926493742132 -0.2830685318995334 -2.025516756241651
165 660 0.02710297027415926 0 0.7151514887809753 0.8775596932030298 0.8382971421525556 0.3641162393407864 2.382535328815415 2.745107330327142 -2.490928468295573 0.8396861604086461 0.3858864576429995 -0.3365591807484912 -0.4800384541890153 -0.25727936652122185 -2.033707181486597
166 664 0.027343303914297592 0 2.0 0.8599503455069603 0.8448929543447697 0.3649307612933129 2.3864073898765663 2.7420958823355117 -2.441656360571698 0.822242303976179 0.3866903759625286 -0.3605116276381021 -0.47498288126346383 -0.25175894724413544 -2.0124909780201383
167 668 0.025222665234199835 0 0.9790210127830505 0.8811395383612083 0.8333108241049003 0.3587813493735447 2.388379872225912 2.737382086876529 -2.462521705870532 0.8029734850430666 0.3708786885454294 -0.339247444351837 -0.46729306240962337 -0.23664933857776477 -2.0396976535075595
168 672 0.023386164100438762 0 2.0 0.8900046410375514 0.8531072683384342 0.3631672422922978 2.378286372506316 2.719572828639033 -2.4772499197407964 0.8118369372483741 0.3894729878699707 -0.3578263447151099 -0.446874556245209 -0.24692196291532417 -2.0284759760691147
169 676 0.023105632538540512 0 2.0 0.8707283342072232 0.8167153379177772 0.3721765180774686 2.378700996918587 2.7094175475298155 -2.4603263315531128 0.7987082961435468 0.3612718230236294 -0.3439514287594148 -0.46548676096547803 -0.17580187110152984 -2.034886501818361
170 680 0.022801313136652467 0 1.7599999904632568 0.8820620405713864 0.7986140150192367 0.3638775220570773 2.3803979569908944 2.700631298189657 -2.4746617774061463 0.8178186401871552 0.3798288573180779 -0.3625340730702467 -0.4657692031595233 -0.17877345294067043 -2.0493445032308713
171 684 0.02275118715553122 0 2.0 0.8814404214380698 0.83446819204997 0.34993555962679995 2.3755149685553865 2.696782831247458 -2.4911770521678935 0.8100966044421751 0.39667547247264745 -0.37459534630722136 -0.4450775000517044 -0.19902092718988532 -2.0590225284402854
172 688 0.021849657148779556 0 2.0 0.874719438301675 0.836552678848888 0.3629969626227548 2.3818021808088092 2.696161753099362 -2.503888800203272 0.8152701081418232 0.3500017675515535 -0.37932034465757447 -0.45938985611635025 -0.20837526502948672 -2.071255376284051
173 692 0.021805478306087075 0 2.0 0.8595487598353053 0.8292179648928302 0.36328615997808417 2.376536312163378 2.6811605504449014 -2.500507827582498 0.810866516056608 0.34528379454410946 -0.37208558695826516 -0.44361518258375715 -0.21579649098612896 -2.0715774290198117
174 696 0.02188574540423585 0 2.0 0.8691663233782525 0.8745144377878807 0.3592546329341242 2.3796765843783128 2.672794123939065 -2.5306856104840025 0.8079378521248952 0.33725239176317023 -0.37049198193609606 -0.44534447011346867 -0.211491703015214 -2.0616258292439125
175 700 0.022672524535853524 0 1.1282051801681519 0.876573063745241 0.8482239412053338 0.3763026140046699 2.3873263527388335 2.6527400661533145 -2.5352974439817837 0.8158276320006342 0.32065720371154843 -0.3549704132786662 -0.4450991955679102 -0.21069740259786088 -2.08978621573078
176 704 0.02367717344151137 0 2.0 0.8850199614904216 0.8705413787856793 0.37278984002314297 2.3897052863658006 2.661774561615082 -2.54953841026297 0.8341654556897508 0.2916271226755438 -0.35188450273842625 -0.437664426443838 -0.19332714317216235 -2.0750898005482368
177 708 0.023928843768971867 0 2.0 0.8849826337780796 0.8776677915793082 0.3638197739893933 2.389344280023056 2.6747923731310403 -2.532543505895076 0.8779290192213445 0.3132279718695996 -0.38185757053615216 -0.43302121048719505 -0.21100826930414263 -2.081117170966917
178 712 0.02439742423876093 0 2.0 0.9035043805999494 0.8626873301879217 0.3775195810143264 2.3886008562457537 2.6879009537197223 -2.552252317601764 0.8611899082979272 0.3276711997442707 -0.37226220241391195 -0.42383518767370143 -0.24188142271043683 -2.0810884833998045
179 716 0.024409623015062474 0 2.0 0.8978136269925509 0.901245976714551 0.3743409298657236 2.390735884865975 2.698645180910266 -2.536272139499783 0.8812375730825174 0.3297996191465167 -0.3675746296811854 -0.43075865517135836 -0.24203083584139318 -2.09116313733219
180 720 0.02483233768017945 0 2.0 0.8962206174528172 0.9090350968516566 0.37165680866808815 2.40165820880914 2.6952115227330404 -2.5402865147209064 0.8650050986847555 0.3114378548324042 -0.3814017256420143 -0.4256965674959652 -0.2781572928241621 -2.0961587942352686
181 724 0.025173796042518837 0 2.0 0.90744292290319 0.8981732611981098 0.3668019270191693 2.3966661406457366 2.7180376820965892 -2.543157987899383 0.8989213676219457 0.28138937924037954 -0.3762544054806313 -0.42308706930351114 -0.2842811210832999 -2.090041604034191
182 728 0.025952282981028692 0 1.9678469896316528 0.9068084344616562 0.8984141915550811 0.37695910496272833 2.39953094984426 2.705669481267248 -2.519890397600039 0.8647716437820927 0.24603664591462734 -0.4101324073403397 -0.43112283772623644 -0.328608269063789 -2.098072309905353
183 732 0.025459856252701144 0 2.0 0.9009788858849256 0.8738953310563187 0.3751611860325875 2.4059706856871235 2.699450333316945 -2.5278503344906125 0.9092494613631164 0.2591692281217836 -0.4011934924385342 -0.43775464978817513 -0.31229423201289147 -2.1026363361934415
184 736 0.025055219295077997 0 2.0 0.9046307957550961 0.8823622814446606 0.3774814460641501 2.4013159655640526 2.7212749784741654 -2.5414030302129804 0.905362063541826 0.21349400635637583 -0.3903093240540658 -0.4245406590785212 -0.28968377196705264 -2.121070575150488
185 740 0.023115531682498965 0 2.0 0.8982872446529016 0.8757706253882908 0.36431057305570486 2.397343100656256 2.7124119060754026 -2.5226773680848584 0.9086830593163063 0.22005839015664397 -0.3973694779054947 -0.4260369719273189 -0.2670257266429057 -2.104120476272702
186 744 0.020765387453617508 0 2.0 0.8946523951351186 0.8840362300234574 0.37071914469595574 2.40138995332817 2.710986675188655 -2.505288959314235 0.9203987244800284 0.2625853803197194 -0.38344009917418354 -0.4221258265072778 -0.29574758602659923 -2.1050572041101
187 748 0.020365271684894534 0 2.0 0.893506192976146 0.8469512105982386 0.36514601797032115 2.411786108628618 2.7202593932338375 -2.5223245942899477 0.9206089790716587 0.2228466688607958 -0.38772228745869264 -0.42950781720930953 -0.25982510214961135 -2.1167759052223176
188 752 0.02055161015378994 0 2.0 0.8977009161760234 0.8760395827152837 0.37858672567482715 2.4161215354467758 2.7079061530559145 -2.539675839872213 0.9093202189205629 0.2020936579224139 -0.40512453204315674 -0.4078475556787531 -0.2946894472906229 -2.107448130385775
189 756 0.02045669929679272 0 1.5104894638061523 0.8977068526157179 0.8789717754325768 0.37907086473089635 2.416460242689265 2.7068707734913424 -2.5392675365692288 0.9530906590529071 0.24199339472384446 -0.3887866747487126 -0.4014903452805246 -0.29701245412016525 -2.1170850067010725
190 760 0.02033138767696728 0 1.1815203428268433 0.8925175608029942 0.8749253896882865 0.3758829919308887 2.4166916194937302 2.71184047192473 -2.54573891190206 0.9738149479724775 0.22507634451043063 -0.3982058031449011 -0.4130414415901429 -0.29627004553385555 -2.1154371852401463
191 764 0.020466246278956362 0 2.0 0.8889257678852514 0.8547849844208036 0.3547547940263497 2.4145232488522876 2.7109079854024003 -2.530447553372672 0.9512341470003948 0.18805798425955988 -0.3922311610950071 -0.4041725454667123 -0.29441004439007584 -2.139230727523977
192 768 0.02035530020937396 0 2.0 0.9008326901005699 0.864688260333157 0.35843491818057405 2.416325791160512 2.705940753854424 -2.5388028956008717 0.9581822978234197 0.2165880917866632 -0.3956291818302372 -0.40195802635177275 -0.28886390100378456 -2.15771028928446
193 772 0.01900131834746272 0 0.8379446268081665 0.8873423773288852 0.8510993442104161 0.353624045526219 2.4185291622388307 2.714040542407091 -2.5370263560934 0.9468385724819164 0.18629110089537387 -0.3944627717282074 -0.4039578233260857 -0.2865982813485319 -2.134307728091949
194 776 0.018117991617747062 0 2.0 0.8851225335902995 0.8540398828035864 0.3604550961647793 2.4086224711282056 2.7279098054624584 -2.5499328550363294 0.9612780358608207 0.2000709256798389 -0.3867819925681485 -0.3975597159994066 -0.2859921278507194 -2.1442314217102383
195 780 0.01688835697869766 0 2.0 0.8742815896717568 0.8652857982530501 0.3555037607206024 2.4107927297285867 2.7253272771559245 -2.542227347055833 0.9438864225174054 0.20229606565694727 -0.39780709564384104 -0.40775399842101057 -0.3070421668227796 -2.137355991890238
196 784 0.015663293706041675 0 2.0 0.8832548023973078 0.8500402429699188 0.3674646171825821 2.4049340748663366 2.7172277678996273 -2.5233430306754787 0.9648938920991751 0.17505193235111896 -0.39712853484728583 -0.4139567918333869 -0.2925702515840632 -2.1442905524741107
197 788 0.015116845545418237 0 2.0 0.8826407769609614 0.849122932502665 0.3740876350909069 2.4039485186624536 2.7169471925093256 -2.52909154764558 0.9875968179535586 0.20091001654758803 -0.4046507913488085 -0.3994286740330056 -0.29204842330573677 -2.1353574849098176
198 792 0.014306546369958912 0 2.0 0.874122717107308 0.8582054163124571 0.37230514268653414 2.411429442835543 2.72934297930678 -2.544901460101446 0.9812456758014503 0.17880883262001826 -0.3996325152660311 -0.41754616149163687 -0.30499777856880284 -2.139383293878042
199 796 0.014443433754538142 0 2.0 0.8809854545181048 0.8304082503307616 0.3845149896002431 2.414846399772774 2.7360766817754927 -2.53867254763901 0.9651406077748274 0.15976831108629988 -0.39535394750911557 -0.41160890380983295 -0.2997383578438057 -2.1434240045251163
200 800 0.015204029767756377 0 2.0 0.88871637935348 0.8326208022545447 0.390772733330697 2.414793757093032 2.7330310127581807 -2.558346837418435 0.960283368576508 0.15974170739807178 -0.4000372309906837 -0.4118478347344093 -0.31152060472163673 -2.1314007481558392
