% # columns="iteration, evaluation, void, void, void, xmean", seed=1752488073, Mon Jul 14 03:14:38 2025, <python>{}</python> # scaling_of_variables: 1, typical_x: 0
1 4 0 0 0 0.3747303641450591 0.3698531450979139 0.43748812022290773 -0.04024199731959549 0.8849879811714874 0.12740131885992845 0.015220591076234247 -0.12374264699286573 0.0944146493663511 0.6976844711431811 0.11971490926550485 0.19565548373083227
2 8 0 0 0 0.2837510741750893 1.383604873664785 0.213654283219883 -0.029428977381312338 1.296487356175286 -0.08724875187015113 -0.8657484353237808 0.23525254333336815 -0.7596740509328396 0.6211691798272816 0.37212992868474504 0.6277872689023979
3 12 0 0 0 -0.31577421109831044 1.5458051939045454 0.5630454901233485 0.919347590091488 2.3238504946089855 -0.21199629224086713 -1.611353509751057 -0.48901017658648777 -0.7720153742038323 0.5381960036242734 0.05732073771747942 1.1942999820696787
4 16 0 0 0 -0.3431055862314161 1.6671055401342696 0.8046537198768441 0.9563345870382284 1.8315211092437513 -0.8107742930738899 -1.2383521571183924 0.2582395863573011 -0.16454497147842462 0.6116672764595347 0.3165078038024365 1.076060363685555
5 20 0 0 0 0.03085420605406647 1.2100140570970277 1.0584065100019266 1.2664029685617193 1.4648939194874955 -0.5141815351753636 -0.7035314891897944 0.5879103114500688 -0.8660438649514012 0.352097814519175 0.5950774074015055 1.3428867482866247
6 24 0 0 0 -0.22376636815457085 1.847145446700186 0.7890269869587738 1.2819458952479856 1.1896788104902427 -0.4432708150303172 0.04084008808290118 0.6850085595805578 -1.6158426722425157 0.4114023214899195 0.5704425656600494 1.0776689520834561
7 28 0 0 0 0.2174772700192325 2.3396572131170696 0.8664626988724281 2.0172513751723162 1.0535152948170885 -0.4811747419677799 0.49132418909364683 0.46916085672359026 -1.7340995949940872 0.821290885128912 0.2576744053979256 1.0302048466443487
8 32 0 0 0 0.06927383383090374 2.6191380797411052 0.35446633866896815 2.3573000203405474 1.010790311167219 -1.0865262191632512 -0.15998969645697603 0.029493512089726004 -1.7419465568433812 0.7904888427139974 -0.33853838339173176 0.9125473906818025
9 36 0 0 0 0.2244922787666629 1.526257405698559 0.3894121502244437 2.919867860128817 1.3005648510533905 -1.5972014385312847 -0.04893522607023834 0.264196001550415 -1.106639641143251 1.1384010954327077 -0.3698290269387282 1.2177291991144201
10 40 0 0 0 0.226037713626271 0.6638649902701819 0.008515588879282443 2.3996701489010475 1.3512384810189364 -1.3209240267304598 0.004640758169325215 0.48855027554524255 -1.3365754006293469 1.53752118178157 -0.3166580147147458 0.9862795424250268
11 44 0 0 0 0.21543139986127555 0.3486170721680581 -0.6258653220919654 2.205460769356326 1.4159500353523198 -0.5867044113476176 0.15778112869340744 0.31899109792453206 -1.1530490134729798 1.051536295303868 -0.5042336089771494 0.05868758948803232
12 48 0 0 0 0.09488596334634428 0.5476249466301263 -0.047872548309634166 2.3028251598168072 1.362613816904164 -0.7766452853521182 -0.2614175572170872 -0.19616085532876604 -0.6949580975793924 0.8731469835662241 -0.655331610093724 0.5615502037650658
13 52 0 0 0 -0.09828043641370376 0.8842917902524016 -0.2381237142171632 2.28086527459318 1.496804166267041 -1.055376757768338 0.01842320529767305 0.07627634449910542 -0.6494844729294763 0.7963453636050328 -0.9174272002962015 -0.0424298215348452
14 56 0 0 0 -0.015273462125479031 1.2370742270499908 -0.08452975923115999 2.0137848553233377 1.1516067982089975 -0.7919927996909317 0.40712535558045093 0.6021137907595111 0.1128612397834442 0.5831105657527041 -0.8858963251652392 -0.6732246076165004
15 60 0 0 0 0.13910461830993093 0.8058222692499427 -0.07256893707037576 2.040621103855431 1.3001706329549705 -0.5925626669115815 0.715139417321058 0.7900605376066165 -0.0813749033913177 0.5880219204186046 -1.3224082596844053 -0.612238911603998
16 64 0 0 0 0.5013241021167384 0.6341212464390171 0.004040543154039511 1.9468915540403269 1.3222692829458769 -0.6369458099971914 1.0512942839409436 0.7665281615663949 0.11969740071242352 0.43227918819563277 -1.380929481434827 -1.2029950782240442
17 68 0 0 0 0.4058532820233904 0.43474738561267984 -0.03174738896729851 2.2739973730585876 1.7404338442354468 -0.46059375608926256 0.23544554818138064 0.9819854728641122 -0.21178968641188156 0.3288996126729207 -1.5965411963741256 -0.3245324508441927
18 72 0 0 0 0.27254331686951855 0.2356788360593004 -0.01635456821262425 2.2555846170248453 1.8337130834685875 -0.8320838847130526 0.3660087895919804 0.7884953834281827 -0.4694884028004009 0.16356985996858697 -1.6739242619970072 -1.199919952477939
19 76 0 0 0 0.4369004172275351 0.4650987571495262 0.2923654802184279 2.0466679280888984 1.9932130704774833 -0.777506277598953 0.7593182249525022 0.6949682697215553 -0.7457170503019905 -0.03498120946413319 -1.3733506095272139 -1.211701420366161
20 80 0 0 0 0.31953707591672253 0.5569539885979529 0.1136822504677058 1.6628941000251647 2.240379519803612 -0.7522566891882694 0.9454675067466137 0.38486207999214134 -0.8781201950584805 -0.08830894080277871 -1.8411119234587647 -1.1847422054313888
21 84 0 0 0 0.5118626308977532 1.2480613751738558 0.11776020921222874 2.027225486838887 2.329789298824778 -0.847819473292963 0.5495937136978639 0.5364380915822866 -0.82732053985613 -0.09259639263413015 -1.8592671938671028 -1.5393734394122451
22 88 0 0 0 0.6138748009301566 1.3547394662074335 0.010992151478438364 2.160578978278598 2.09082056916042 -0.7976146807802098 0.17776721619088431 0.5845793286850121 -0.9775127417271556 0.04145237350712279 -1.7790771657005524 -1.985541659338461
23 92 0 0 0 0.5315057621285934 1.1327655913700636 -0.5081392139010796 2.231350644818177 2.2312337674289693 -0.9133000697454554 -0.5772056253823293 0.6445581439769212 -1.050687934835258 0.013916921417702524 -2.2753909200868643 -2.4087044968448765
24 96 0 0 0 0.3545825885584103 0.7370025699863023 -0.7922076035398484 2.1629847091630188 2.2777120070801082 -0.8519788589480681 0.08536253457441922 0.7287389631387773 -0.6996014327917052 0.003823595511375748 -2.302005466214407 -2.450116105743563
25 100 0 0 0 0.48549869675246665 0.8565546136700404 -0.4155676078443668 2.148547084040325 2.360354033648252 -0.7702543293465736 0.2410070424080762 0.8467835335464823 -0.5635759712499655 0.14192855200929988 -1.848217768798617 -2.6129113659902985
26 104 0 0 0 0.6411764151799211 0.37835229295065076 -0.3936145825158011 2.0346252572566192 2.207796980394493 -1.2055604241330906 0.2234851578529203 0.9348852540812106 -0.920697064630691 0.0072974652658508166 -1.7116542466637594 -2.3514215111969476
27 108 0 0 0 0.6139272710490074 0.504937537611877 -0.29800571125487696 2.205287473556516 2.2797425711891544 -1.44385887240704 0.49800737169010634 0.9796339474444021 -0.9673652954431556 0.10152142784863606 -1.5082304887063873 -2.6086653013797396
28 112 0 0 0 0.6665427005642033 0.6572671079770324 -0.29917779010178935 2.1416346249858114 2.528096140485511 -1.5631140982535672 0.4103094271745626 0.8230112520504403 -0.8241985855494824 -0.15069896389534976 -1.3589894976271857 -2.628857066822648
29 116 0 0 0 0.580771214430411 0.9597535736724516 -0.0004222640050290938 2.3678229717611656 2.51020762136942 -1.6673815037847535 0.45182115366235087 0.8164794183108577 -1.1317164226235237 -0.3008215137564556 -1.4818464607782387 -2.6431178664716413
30 120 0 0 0 0.5094270668878207 1.1523758896662175 0.15317781694896226 2.3623956838128732 2.460642031360006 -1.8223072706438381 0.006037090084512808 0.9541056206398871 -1.2204429890237154 -0.5452014414419319 -1.4537047490221178 -2.6616753940595363
31 124 0 0 0 0.780079206641541 0.9841729890882481 0.10214728030806472 2.3480599445690205 2.148334248818199 -1.847951502945718 -0.30274587938074327 0.9269792077923166 -1.2435034635337374 -0.478987477793865 -1.695442863628793 -2.9150566175022163
32 128 0 0 0 0.7355043736078043 1.1042390350339446 0.1841797849250971 2.3957711977933327 2.0719546896670535 -1.8565277173255619 -0.4168286313376828 1.1108711065518897 -1.2850920574764748 -0.42618382908300145 -1.4856541634062168 -3.056830706341197
33 132 0 0 0 1.0623698115890206 1.2191902600390545 0.33406621837254546 2.4801405761967095 1.7364160111382412 -1.9537134761810488 -0.3319939569608702 1.1580663075142907 -1.3380153561813126 -0.5335342772738072 -1.4924454152701117 -3.2935004228517495
34 136 0 0 0 1.04636343038535 0.7114732715070495 0.42066699792056494 2.4446183675369193 1.7904158995789532 -2.2896249511584283 -0.9442864823660091 1.0606037499678234 -1.0656081975913752 -0.7060386746647228 -1.2792820911926945 -3.650629626131066
35 140 0 0 0 1.340864729232161 0.9998839358700948 0.4111378676599323 2.4803190002706748 1.8119158405491966 -2.3825417252861496 -0.652118548849381 1.0512174550465996 -1.3534166979142237 -0.8510252554920261 -1.664433846343748 -3.638892550122648
36 144 0 0 0 1.3069652406415324 1.1778419294898423 0.6983062500900692 2.5040317874189757 1.9679488457518843 -2.180457593072027 0.26156087630583813 0.7305906582541817 -1.2037811885562502 -1.0079684555436728 -1.3552336777265588 -4.068097406575606
37 148 0 0 0 1.3534284808458064 0.7631790548072506 0.5571910278932174 2.4563744002612324 1.6776608586613326 -2.033299701476458 -0.33485525701001206 0.7540581893168036 -1.214567725215932 -0.813122706630419 -1.2276069120104263 -4.349301731353056
38 152 0 0 0 1.3900801194714816 0.8267696039379389 0.33536277750389154 2.520525971261242 1.77262686796249 -1.7224254035834363 -0.30505521234037036 0.6453182404657513 -1.2250598227165508 -0.9280592613466716 -1.5781343730038788 -4.426037449874192
39 156 0 0 0 1.3389314955480107 0.778173653929761 0.6208290682342571 2.6322286393415695 1.833787669025059 -1.8104972008679239 -0.08429757158680992 0.3760372686767335 -0.9760612420193461 -0.7639565213361467 -1.3941631687908118 -4.6298896734463675
40 160 0 0 0 1.5052058197944052 0.6293324220563774 0.5228485769021574 2.734170998366536 2.1349764676753384 -1.6605396458473796 0.24063964217051717 0.46651405191182443 -0.9123475717657133 -0.8312798724860416 -1.3078123792191356 -3.9135734947397047
41 164 0 0 0 1.5906298628135467 0.9617495395343885 0.4500351438570843 2.6010089691788405 2.3346263612379516 -1.5289676102671363 0.6898702226354684 0.2003269679810909 -0.9516040037675318 -0.8530864490124763 -1.109949559837717 -3.538458125330226
42 168 0 0 0 1.5866862857095783 0.8902607052495133 0.4008708886855291 2.3937907274300843 2.1920184555513065 -1.4841066138120516 0.8567954845803577 0.28017600834934087 -0.7544548954682714 -1.0043489792342297 -1.4810122132989263 -3.3650333305670084
43 172 0 0 0 1.466375355988311 0.9998946016073025 0.45242392981715673 2.3865094500469524 2.4729228740877196 -1.6599834664208637 1.0015800921993585 0.3437330042979723 -0.6787580310853814 -0.9170608923838168 -1.3393275649610201 -3.323193034975337
44 176 0 0 0 1.4564325281295678 0.9039172495865131 0.4333939734368408 2.554654703393635 2.288804231880439 -1.5697867779401258 1.1505930044572463 0.3909026555390541 -0.7705513249860984 -0.7944209523830179 -1.0614027639310568 -3.794307774099222
45 180 0 0 0 1.611244343754321 0.805723766759727 0.5799304824462265 2.59271757203833 2.197972402024369 -1.9136821149012906 0.557874467712203 0.35065096724370787 -0.9380201744045095 -0.9441487015314788 -0.9375226856153327 -3.78935436364788
46 184 0 0 0 1.6308788083087191 0.6613058154680631 0.49645212945620565 2.454999107272914 2.1346713487735904 -1.9212855339411772 0.6581009331022438 0.3751358296164352 -0.8628380950740053 -1.0195413162689493 -1.0807080646227765 -3.243913254163111
47 188 0 0 0 1.7111356514707554 0.5489558999789657 0.5062572864209461 2.4113126009076393 2.158979035631318 -1.923682124751736 0.5883205262586588 0.3545955167928521 -0.8483056430628256 -0.9039082356615717 -0.8249986049667306 -3.1637764812568747
48 192 0 0 0 1.672884393495376 0.5028511862390885 0.4953563055852215 2.2614766629200367 2.048453036662622 -1.798597269067523 0.3771519498120961 0.2435691887537592 -0.944785974172232 -0.9540619709811623 -0.9220818045837961 -3.4012745662403763
49 196 0 0 0 1.433248317697964 0.35456266239383677 0.5291915701633108 2.299455074366132 2.261356302154106 -1.7815833233463292 0.4097248567606931 0.09617793405492076 -1.0388891717536666 -1.0409733889504578 -0.7063698374263678 -3.4390066538413406
50 200 0 0 0 1.529956472438413 0.31807976578444996 0.47910379586642676 2.1162043614537307 2.2742675827590677 -1.5883244475325795 0.27891672843092846 0.13929909806198626 -1.1144504839180274 -1.0820353252250492 -0.733098876592496 -3.2917735891321493
51 204 0 0 0 1.5582648345579906 0.1479565985762031 0.43737778047455145 2.100465787517495 2.486725679343065 -1.8714583257045616 0.09602480658347684 0.22220388717021763 -1.099613838187025 -1.1615741400246145 -0.8136218321574982 -3.6111794567769278
52 208 0 0 0 1.6708549434639113 0.29092503279599763 0.2890218867269716 2.0714233636312964 2.5918042825861995 -1.9230262083157839 -0.07233889586938666 0.3708249120061824 -1.1771632853089486 -1.1333173012426543 -0.8793274901141817 -3.627020688506432
53 212 0 0 0 1.6376138732107945 0.2933439494909677 0.2272956437528138 1.9676138588697776 2.4132703637730564 -1.9677520007032618 -0.1295951793899351 0.37409167818542677 -1.3285688035024277 -1.113250392104224 -1.0500559464386454 -3.422088334461883
54 216 0 0 0 1.6137375787573915 0.17213008379411787 0.2621032511451357 2.040064905694776 2.4666076122494833 -1.8029297788961032 -0.35312224278297427 0.271330176763394 -1.3255816298569751 -1.207271767374308 -0.9139468130684589 -3.146016228348061
55 220 0 0 0 1.5168904234997278 0.16878258195306511 0.2152496685418275 2.1414445869128516 2.352107498625425 -1.8228048184618288 -0.43586439487070244 0.2993249421927862 -1.4373962916146648 -1.0999957999637866 -0.8999058091601972 -3.1350420168093325
56 224 0 0 0 1.4697364994907645 0.21959105002462814 0.3066136513707305 2.2034264044825917 2.4725986182509185 -1.9934736331212504 -0.949048255223353 0.5569352030379927 -1.474074091382405 -1.1480623474868337 -0.7757435882721297 -2.96604415686157
57 228 0 0 0 1.4487323787722461 0.3386245798017204 0.21582883269087505 2.1545202212328025 2.5285526811862478 -2.011767078725277 -0.6534824950176292 0.618399112130069 -1.3120048503741664 -1.0467345832751593 -0.7413968047013851 -3.036770291705422
58 232 0 0 0 1.265543529737616 0.5037346705633552 0.181096457982716 2.1097398492288404 2.743120434557795 -2.1408885059133382 -0.6176657772712175 0.5009878706168127 -1.1748911120656582 -1.2229988038601334 -0.630009881490124 -2.9519499263538775
59 236 0 0 0 1.2806545856000695 0.7704640448904224 0.14865575036859105 2.2033619470922403 2.720128411890959 -2.2028895666276234 -0.36557955472850084 0.3878526484391873 -1.2824678474926252 -1.1211555393962114 -0.6741959106202964 -2.903268518969716
60 240 0 0 0 1.202456244218072 0.8651345438219931 0.15885400802661195 2.098872122452362 2.6712415631818494 -1.9554639557404654 -0.10783597788359794 0.34219900556613075 -1.4021326291433194 -1.1063414634030668 -0.7782357862703148 -2.857576208310375
61 244 0 0 0 1.2359959884518776 0.7362136811178497 0.06503785870799038 2.1171603248615067 2.8335494654270676 -1.9081947808484552 -0.3924852960953555 0.377691628884744 -1.3138132736757573 -0.9853956654486381 -0.8576710025611275 -2.7790235519316875
62 248 0 0 0 1.2133488233023617 0.565208732981738 0.11449120718292215 2.0500231910361886 2.800680637674803 -1.95039764159677 -0.20548057465841302 0.3239328977842723 -1.0961965756088665 -1.0182839571704914 -0.8176221958484485 -2.860984787876364
63 252 0 0 0 1.029554128966598 0.6335914390550458 0.14965625218221285 2.0621970964427083 2.884113219494301 -2.0073302281137853 0.022394040553731148 0.3429613226839916 -1.0219629339527312 -0.992187505498442 -0.6642252233368247 -2.850776599126756
64 256 0 0 0 1.0921815000242538 0.5468678028986649 0.09624858258424304 2.107894740571775 2.8894752136434962 -1.9209361013406872 -0.008200403758446176 0.42851458624775884 -1.133906266530638 -1.0671250216261918 -0.6295169819275745 -2.823843627693762
65 260 0 0 0 0.9637084907471104 0.44818814265251156 0.07357916921535577 2.141004514539772 2.894275069471762 -1.9600255652988925 0.048788040605999325 0.4393816783144938 -1.178267858712195 -1.0335620542209811 -0.6733935430429503 -2.99350220582207
66 264 0 0 0 0.9906342039756332 0.22891008231185922 0.12783334763588075 2.2252683668580966 2.9732267499814604 -1.9118544802616935 0.15273137293538291 0.6610213317599622 -1.0820210019737888 -0.89712486357163 -0.7134343211550309 -2.8822018007812824
67 268 0 0 0 1.075402218935863 0.07255467855939152 0.07784320686120355 2.2700601806753378 2.9858558039419196 -1.9690753385274016 0.2943159154739236 0.6670384571985339 -1.0189658887571278 -0.9498532312122758 -0.7298478641605621 -2.7125891365178685
68 272 0 0 0 0.9715452051058604 0.05357937222090932 0.10847214682695515 2.164126037614862 2.961395696074213 -1.978104448095606 0.4541548042033514 0.6501263093715345 -1.1585298633339218 -0.9393921475844131 -0.6136413155913811 -2.76549963688098
69 276 0 0 0 1.020226709915378 0.20532988497269822 0.08094596197365897 2.2002451141895047 2.918879907378325 -1.9961028918421693 0.3261507631860657 0.5923061064102084 -1.1703623111812962 -0.9570055470340851 -0.5490737554571411 -2.8610711700396663
70 280 0 0 0 1.1628764159768519 0.011220795730043864 0.1257234842270602 2.27664296839229 2.9011058373114924 -1.9865025563956178 0.3016807865832409 0.6420204168128992 -1.1511858698049715 -0.9754364210118825 -0.4458551207114746 -2.828067108559655
71 284 0 0 0 1.1367059536911042 0.1928107731243741 0.21116269687334333 2.282119638779246 2.7328970361510887 -2.108271068246422 0.3076609207102736 0.4787010363633841 -1.1208059126626844 -0.9858746036267367 -0.3393087251190725 -3.012498711445644
72 288 0 0 0 1.1641755991710727 0.23209252651449214 0.3150130963329981 2.288492287020306 2.6608280292262396 -2.122638713809234 0.5157714843721964 0.3739961824084313 -1.045547187896494 -1.011831270497714 -0.2152120615072476 -2.8595133681414175
73 292 0 0 0 1.1198668711297812 0.3536946912855842 0.33926812170765275 2.290684716892917 2.6681361622509807 -2.0252564159355075 0.6923404669144407 0.44753817083075914 -1.1172290101095574 -0.953162684375915 -0.1975015916509471 -2.686876036147196
74 296 0 0 0 1.1412455182149297 0.29797695395133755 0.39792195082912757 2.2902202709982418 2.7727809470593465 -2.1265113684715664 0.6344758826977235 0.48525593093927777 -1.0781422334423376 -0.9937348090605505 -0.02220284203038997 -2.5896068823571077
75 300 0 0 0 1.1609159547942873 0.4622900014754147 0.41578367153835644 2.2676173555171557 2.8768939655829793 -2.2305591023543796 0.546051955088323 0.25849715466096823 -0.9550592279403209 -1.0512217403280752 -0.002990868894721041 -2.577595211867403
76 304 0 0 0 1.0074001444854848 0.5982205012341413 0.4755253801026019 2.213100082028177 2.740299650971732 -2.328723299725471 0.5384663834201856 0.16937591139210692 -0.8991381613951078 -0.975128228205618 -0.17234133768521664 -2.3362989972360158
77 308 0 0 0 1.1606597340273426 0.6504225876336691 0.44801589603538217 2.1878352811628035 2.693147326017747 -2.3782097595359617 0.6248815238448652 0.3606903271056995 -0.7434839750913308 -0.9129228812243806 -0.40467371486206066 -2.066177697709963
78 312 0 0 0 1.1323054788904323 0.2760471342729895 0.4684473361253074 2.1639610207439737 2.7785311590207566 -2.309503655409137 0.49998547152654726 0.47416633491431925 -0.6835959227035376 -0.8938245931818101 -0.684530147398951 -2.117600451533055
79 316 0 0 0 1.1320457763134646 0.2748342732186163 0.3388548770772493 2.2020683416170566 2.8249216761893274 -2.2214544101582594 0.4085750382293277 0.4455196218815952 -0.6480778434364808 -0.8592700919456202 -0.6329138900838279 -2.2848680323987214
80 320 0 0 0 1.0565018748186308 0.22724676061372467 0.2512267859675765 2.1173851282272422 2.7665033832851096 -2.1996031699057608 0.4987344334251685 0.6958560827047443 -0.513948819270698 -0.8158959034878541 -0.5018083314571625 -2.268938226909755
81 324 0 0 0 1.0981142454809318 0.09440475305867452 0.16047261145176117 2.1617504495817226 2.693244741859723 -2.111265916731138 0.5773197483105401 0.8185173807794294 -0.4567418222210007 -0.7820274304959366 -0.621854127080083 -2.3428194853917383
82 328 0 0 0 1.0036514832287624 0.09769572870647261 0.1397708786841146 2.2522535367150565 2.769527058350482 -1.9536184696693184 0.5212938102618799 1.039428695660767 -0.3970256046885614 -0.8409488752174146 -0.5979896227778423 -2.257517041865855
83 332 0 0 0 0.9737824986029626 0.08840446842222793 0.09347163179606632 2.243644831177479 2.6846473663437473 -1.9700460194737657 0.2716334942275769 0.9238934707140076 -0.3689765486602013 -0.8796391022895775 -0.6100631615499339 -2.441167275753494
84 336 0 0 0 0.9731176527826624 0.08261192514850871 0.09576909471371148 2.295512099334986 2.7647957107865766 -2.063084409540116 0.5420984174612705 0.7233073904221072 -0.354681046345215 -0.8160719928783877 -0.5560746045286508 -2.538749958695962
85 340 0 0 0 0.9923987062441618 0.030287175791648996 0.1594691578412081 2.3470638796337435 2.84737282723139 -2.1441525099163066 0.6399130202887872 0.7806648053363867 -0.17167806932284752 -0.9180295988003897 -0.33778109098299797 -2.4618070189156143
86 344 0 0 0 0.9451626494719871 0.02102221727233238 0.2154199755552611 2.2872167427099397 2.967278890902403 -2.1613412441542437 0.6984712477472107 1.0373898479191943 0.005840006372609646 -0.914256640401949 -0.23428556204495507 -2.5363930293959975
87 348 0 0 0 0.8770082464824416 0.0744120708362249 0.16094922026803124 2.319970094146109 2.903894980191641 -2.1266536855214935 0.8638975330155888 0.9087936984256677 -0.08887847929560135 -0.8568769353545889 -0.3792178705270995 -2.4990560993235356
88 352 0 0 0 0.7998203758495107 0.26698182069141 0.20771916902797363 2.2500157214201306 2.9555750315995217 -1.9748751660651598 1.023775644679348 0.8024523944162284 -0.008356000309721598 -0.7907106421685342 -0.6506715356287976 -2.3608443340081107
89 356 0 0 0 0.7596346573066957 0.3140762618906149 0.23187430704258594 2.27785936489592 2.8524839063274707 -1.9795530500123326 0.845311244611522 0.6933034597602863 0.026402018725624414 -0.8581818502268785 -0.6571136443543125 -2.3077888293647604
90 360 0 0 0 0.8409958353203879 0.6541644765929723 0.1875112811525314 2.4025442639955292 2.8927040438964857 -2.061275122730767 0.4541635963012943 0.8051410640571544 -0.04358624856780529 -0.8105832719456907 -0.9111495790972286 -2.3405239205767088
91 364 0 0 0 0.815644861106025 0.600878362857509 0.23059944837826712 2.3897220417828917 2.8013199444242396 -2.05584096698506 0.6446021663796264 0.7887195905571901 -0.1177833918006519 -0.8861141077207519 -0.820880564168273 -2.6312010483857398
92 368 0 0 0 0.8201296108675988 0.5892039780182965 0.29462059508814953 2.4315467012722336 2.712411603316862 -2.225516700496678 0.6308770149106382 0.5505641985957128 -0.124117654983981 -0.9069821960531115 -0.9706926083914129 -2.6217274096226437
93 372 0 0 0 0.8094249312995884 0.6788118112063621 0.38057208030323014 2.422389839186186 2.7124655344093354 -2.2457170525659986 0.49832041100222435 0.42137674744825 -0.0044505174199595265 -0.8183455588390258 -1.041817461718824 -2.5918237938033206
94 376 0 0 0 0.9118762426961389 0.6717641271378009 0.4693665254702856 2.402750834561986 2.7302708210194586 -2.113646080902621 0.46641020653818166 0.5460265849621522 -0.12199576363275819 -0.7963201194776215 -0.7156352994805739 -2.576309863817447
95 380 0 0 0 0.8983127408859428 0.6070189881320713 0.4011875259412696 2.3939287348146596 2.7025667448891393 -2.0312360521360047 0.44191689388215466 0.42833481865699985 -0.18762565480635585 -0.7728504958478903 -0.6444277051080178 -2.628630949748234
96 384 0 0 0 0.8984880278036352 0.6105467442750773 0.4125083117258976 2.451102676309553 2.7278909437660204 -2.0406825088139664 0.5706810050811112 0.2618664571907153 -0.243652724480673 -0.7178126523947685 -0.6174195862303028 -2.5661387084226543
97 388 0 0 0 0.9140122958902591 0.6005595546313144 0.3846039400364969 2.4616812313199135 2.715103426634614 -2.094025381731173 0.5172271583815999 0.10960965875100132 -0.15385027814692506 -0.7712005638097721 -0.59826578608749 -2.63786386575029
98 392 0 0 0 0.9458569143676809 0.5677493630920559 0.35781672579038243 2.4598700444881274 2.750634032508205 -2.036776057757164 0.4583712324372464 0.2775619608826611 -0.18735172159623525 -0.7093420835495695 -0.45547743387881623 -2.519118176458023
99 396 0 0 0 0.9910454919226066 0.5774368603189308 0.31247539390246193 2.4307380014858566 2.7567959473304353 -2.065811197290449 0.6529602918945946 0.38680128522860585 -0.34308323343546454 -0.7318391241164489 -0.45185342762792247 -2.4690918370285764
100 400 0 0 0 1.0129215302033652 0.543770234159794 0.32559119419796745 2.4710361942974077 2.7099172404363143 -2.044881357833145 0.6492663223050129 0.3693379313924581 -0.2783143459105736 -0.704298271388828 -0.38067510112904784 -2.4462362182045374
101 404 0 0 0 0.9899749899843839 0.5917742435035993 0.3578916689959718 2.4829440943602155 2.711617334776012 -2.1518181786625767 0.695239766433353 0.2744363203688122 -0.2986142522903789 -0.708739045533486 -0.5071626782927493 -2.3701093766542263
102 408 0 0 0 0.9907001461311984 0.7125047655179632 0.32478501829490786 2.46972462291534 2.682506821428822 -2.176231879183401 0.741672594537649 0.3679396629050602 -0.31221514293810076 -0.7502546979840953 -0.45199822873546525 -2.3499519766999164
103 412 0 0 0 1.0153456514907593 0.601523861312158 0.3823327927777938 2.451091958324719 2.6684456204744955 -2.1438531854396463 0.7993405774640827 0.38312492776791823 -0.3355638745554419 -0.7557734018497245 -0.45224748334041087 -2.350721242462802
104 416 0 0 0 1.0201530273770327 0.6876296358048354 0.3680643441415407 2.472855622367874 2.697501945253327 -2.1827230219327336 0.7941641786586977 0.36481911621107166 -0.41928315722463366 -0.7095642958533958 -0.4480501125314207 -2.308490721911867
105 420 0 0 0 1.009870167696378 0.7231183646908579 0.33163616990010825 2.4426722741666325 2.7264817523628677 -2.1622790377241663 0.7008507560555639 0.28903554218636446 -0.3906744837141143 -0.7298654137617934 -0.4368176050860173 -2.4098931384714226
106 424 0 0 0 1.0025361861286213 0.7140119406690633 0.3377076359064486 2.406113207320663 2.727378949637945 -2.215254843349692 0.7523445563719366 0.2376061880116203 -0.41116051647948293 -0.7330139930154946 -0.5362931845349853 -2.352069252780031
107 428 0 0 0 1.0135753696206313 0.6805678179654843 0.3081100670372589 2.4181437513575283 2.730415104496671 -2.2419137700220135 0.6986229362648811 0.1776726659937098 -0.29438942387175154 -0.7156788263195653 -0.4812755087151147 -2.3080805079557076
108 432 0 0 0 0.9962240919855574 0.6290732987781251 0.3012937606560183 2.4118949639194693 2.710700038518192 -2.2102246820379188 0.7086970749837687 0.16010117955391662 -0.32787702603820496 -0.698773778276712 -0.4385095596802438 -2.264258773128094
109 436 0 0 0 0.9711118619829442 0.6443728746469868 0.30854774267771573 2.416986268734741 2.696717264314293 -2.20765465922614 0.781901236977008 0.1154408294782488 -0.29913034770478686 -0.6792294704914599 -0.4668323538960046 -2.241447700639193
110 440 0 0 0 0.9694983788764939 0.7154254651243614 0.29656308834180456 2.386440697952394 2.7071910413379534 -2.264582884968656 0.750482443486907 0.18395645121917775 -0.307057015535831 -0.6604956247708331 -0.48583569742891874 -2.188109090232383
111 444 0 0 0 0.955005414522347 0.7541146339786435 0.2704219516300799 2.4007755539574367 2.662761761429047 -2.3010611974081443 0.7733205469193607 0.3306182390816873 -0.30511264844739644 -0.6722808183453548 -0.4156976508869265 -2.1928545087570672
112 448 0 0 0 0.9654140100934724 0.7246783184790436 0.27213365239030296 2.400130733113667 2.665837310903335 -2.3435116454458194 0.8356227293090914 0.3386740570225048 -0.2871592360801241 -0.6654344134688078 -0.4435387235447262 -2.176199534497083
113 452 0 0 0 0.9479716294491057 0.7111080619570378 0.2813004674159416 2.400982242381358 2.6487936165590598 -2.3589827914489385 0.8388676610916206 0.3583442394303943 -0.3195846968885987 -0.6593786924391503 -0.38260458230400723 -2.185372504677422
114 456 0 0 0 0.8787809781914467 0.7644662288781028 0.29161455436851025 2.3793288687097647 2.690930871952051 -2.3332817210349193 0.8467039175403135 0.38325188676971417 -0.3445379267005382 -0.6411686870608319 -0.3998364041302506 -2.145419926062212
115 460 0 0 0 0.8735733082519737 0.7222027146305559 0.28119547059623495 2.359673614205437 2.7144674424266357 -2.2925296311606855 0.8592169589931679 0.3671495601649158 -0.36752594671797006 -0.6262094420716267 -0.37488934630164583 -2.1598235094351272
116 464 0 0 0 0.8564042317576896 0.751965451631165 0.2985915888640864 2.367675475814846 2.7168733563500047 -2.306447638547669 0.8013044190820184 0.32097475009965337 -0.3765284344486086 -0.6380006163550278 -0.3905361654144268 -2.100216682700041
117 468 0 0 0 0.8459885820447227 0.7757332529996555 0.3074814388296868 2.3768384858712004 2.769770126139739 -2.3239524947933647 0.8122364047357726 0.2858488199938272 -0.29650204278183323 -0.6357203694269864 -0.3920008757398603 -2.063085701895668
118 472 0 0 0 0.8913257815323284 0.7716239308707867 0.3084871332552529 2.37098969086343 2.781769791465038 -2.3204277634736643 0.8375658793100252 0.2574899242079159 -0.33795003686674296 -0.612484510439996 -0.38044865817435847 -2.066161245825491
119 476 0 0 0 0.8865799568200969 0.7898043293766935 0.32610461342994035 2.3805087335893265 2.788091019456751 -2.3294265142854798 0.9258506594402947 0.320824513591221 -0.3429193021625013 -0.607796434096475 -0.4283594655389226 -2.1021869326206635
120 480 0 0 0 0.8619698429012601 0.8086088516985137 0.33390421033944834 2.3717810900250598 2.7818013184379575 -2.393467399693818 0.8456017445451778 0.2992557091863219 -0.3032384423419256 -0.6025275507095631 -0.4240493548910522 -2.067841206248355
121 484 0 0 0 0.845743486910732 0.8201200873123017 0.339294716526428 2.36522171178551 2.73879340141254 -2.4053203620840646 0.8409877216054299 0.2937106638760095 -0.28797701305718665 -0.6095016374152975 -0.4685707539656848 -2.0850244328086944
122 488 0 0 0 0.861395525096466 0.7935122590186109 0.3419199630883451 2.3685155606593558 2.7422884429969825 -2.363771259881721 0.9209206245992991 0.3644141864751493 -0.2872026223277626 -0.6185053643674117 -0.48775630663454683 -2.141242760298642
123 492 0 0 0 0.8989209267922496 0.8076456931847458 0.3565305858601305 2.3861436129782625 2.7268621486838986 -2.3214060430414216 0.9623511345185979 0.3053242115927045 -0.2908967642011352 -0.5940715847480288 -0.5326080212630373 -2.124516883404313
124 496 0 0 0 0.9232939510954603 0.7824471143180081 0.38342124582231774 2.37902340874885 2.7518439676927304 -2.329293205824568 0.9525484807028467 0.2294094980879336 -0.3158481583329968 -0.5955202152934478 -0.4906914113267831 -2.0820480794096
125 500 0 0 0 0.9217280948620945 0.739241867385366 0.38689498515637655 2.371967588928119 2.7277171751173013 -2.353744778018713 0.9607098810324113 0.16603432532882237 -0.34302294444579856 -0.5830164548696614 -0.5017407559670654 -2.105843461982947
126 504 0 0 0 0.9500138011060102 0.8187997037564427 0.4008270560979246 2.366797077571632 2.7300698945030613 -2.356365798298326 0.9341264697790486 0.18925953311105845 -0.3144147659046926 -0.5802654516320317 -0.4710307572994277 -2.0471879347420163
127 508 0 0 0 0.9708673804858358 0.8393008546983173 0.40475402739745614 2.3711406553143703 2.7234436479089084 -2.371364618285365 0.9306022245395312 0.17584909528783144 -0.3514620219053329 -0.5862418402660569 -0.43708643455208124 -2.0918654073593297
128 512 0 0 0 0.978051831816324 0.838066136308932 0.3803987858319895 2.3690565231877487 2.72871305999393 -2.3918559372936548 0.9409620662898694 0.22256589478901528 -0.35269043482788476 -0.5822897074142915 -0.46311690851128423 -2.0669094662576186
129 516 0 0 0 0.9329435789480637 0.8411154978593599 0.37355210828947405 2.39145306261089 2.7533337526497155 -2.4177148655543172 0.9060837518463397 0.15414347152876212 -0.32777714368800753 -0.5840484115567465 -0.42463443320546007 -2.094811575247981
130 520 0 0 0 0.9124574500039353 0.844359950868636 0.37330078189374694 2.4080418297738975 2.762530380289864 -2.4351769499939775 0.8781633797482618 0.07899769752620192 -0.35766442033851786 -0.5741840221173902 -0.43269334673491816 -2.08233778386981
131 524 0 0 0 0.9107896080421976 0.8148460866071143 0.36286895087020626 2.415263591932822 2.7640682293685157 -2.422292604655626 0.8340210185110067 0.12106089040641224 -0.3548361040183061 -0.5811172766657527 -0.47487679229877555 -2.0559803542447797
132 528 0 0 0 0.8769011651813693 0.8345696871998921 0.3460997360585622 2.4209997306984836 2.760515656664964 -2.4390391400688345 0.847343227421698 0.09775846901440072 -0.35404024458458894 -0.5721326326200437 -0.4721878827008818 -2.0847398911396144
133 532 0 0 0 0.8625237610865581 0.853160331304947 0.3364370270832864 2.419324921080803 2.7285741318899337 -2.4308805741097497 0.8463822058893565 0.11212752443118477 -0.34393094773346833 -0.5559781576376809 -0.5006495915239638 -2.0959192116146257
134 536 0 0 0 0.8835661512968862 0.8766424102760739 0.3106874628658408 2.419108861499485 2.720105654016732 -2.3923544768079688 0.8165391762788075 0.11890446551674631 -0.3682308285915083 -0.540480426390481 -0.5180249482729565 -2.0712459882173793
135 540 0 0 0 0.883074365366459 0.8678076191358589 0.32196964220810265 2.410174708325031 2.693759759777843 -2.358456648905268 0.7659478125379946 0.10076937019898968 -0.3433020339095345 -0.5287527803756471 -0.5388236995587424 -2.082360103651477
136 544 0 0 0 0.9220278923778945 0.8501250405526216 0.2880478124274657 2.411169540021988 2.7085451818578656 -2.347761575931479 0.7530368148095188 0.11884068069272086 -0.3267432482461135 -0.5251053531402353 -0.537917794963459 -2.0818462870707477
137 548 0 0 0 0.9363233031237941 0.8648626702924266 0.29254587386106495 2.3780120569285494 2.704332697285765 -2.3379694089767966 0.7232841908534822 0.15053693832224713 -0.33381467519460795 -0.5362090113383113 -0.5381681282841213 -2.089738460219486
138 552 0 0 0 0.9530131473145319 0.8340937286986886 0.27751556465981597 2.3752064927786787 2.7052919836204166 -2.3009331159458584 0.6962179335174032 0.1436511011061028 -0.3465216158755437 -0.5413445397040934 -0.47845664869509863 -2.1027227688577903
139 556 0 0 0 0.961512014015207 0.8967133663112151 0.2610883719859548 2.3832530297739503 2.7332196597009077 -2.271520407824923 0.6962290419759618 0.19302462264787906 -0.3412867576761864 -0.5440372656468548 -0.453836969730776 -2.038298527870867
140 560 0 0 0 0.9300673728696223 0.91261400004785 0.2820303858700958 2.3867748496328764 2.717614797387337 -2.3102307690944808 0.7711649026292637 0.1865491009728865 -0.3129361451663654 -0.4984663709426588 -0.45847161382739854 -2.0259679139065674
141 564 0 0 0 0.927701815188928 0.9359125603606178 0.29834462743439877 2.3763338157372678 2.7229959832134387 -2.315921609554426 0.740503319174939 0.22354472062265396 -0.29811389523342663 -0.5070519785767219 -0.41126291864816045 -2.0053809707335795
142 568 0 0 0 0.9402395720883259 0.9445001719653394 0.31115278673502506 2.3539567827831522 2.7434253921960394 -2.327550039630559 0.7176399786229973 0.31418656031691566 -0.2869310126491941 -0.5041268747500163 -0.42296404231078133 -1.9863241092776192
143 572 0 0 0 0.9634466104212528 0.9374507142603667 0.3282761004553515 2.3572633090559396 2.739552177860525 -2.361428501630588 0.7649576411939415 0.2972853680376377 -0.2913379464752406 -0.49933800802615214 -0.3710543338417362 -2.011635171361632
144 576 0 0 0 0.930917488646041 0.933638740301473 0.3209177639934668 2.3689882969484644 2.7362754749606824 -2.3661015837300114 0.725069743201771 0.20592811732318123 -0.30970655637071626 -0.47240223304856277 -0.32376209656967736 -1.9920082907522991
145 580 0 0 0 0.9286908650813059 0.9347962264346005 0.33230929507620155 2.3716887132090054 2.719589114191926 -2.3600489756942893 0.7443204184282032 0.19129226636792546 -0.33083960753467795 -0.46908092670689555 -0.282039180976455 -2.0313511796868347
146 584 0 0 0 0.9243040686402906 0.9023269215533221 0.31990881774312024 2.378401045212523 2.699786087948861 -2.3961986381300844 0.7625617473920325 0.17792081202628898 -0.33720021741981954 -0.46080868816799603 -0.24954985342569988 -2.08899646633696
147 588 0 0 0 0.913451139544373 0.8763596093933768 0.33936123107665506 2.389120472889069 2.7051118577132462 -2.392746050944506 0.7651321399867272 0.20971290182517602 -0.3282415398749551 -0.443066486813816 -0.32585109812476504 -2.0706714474014762
148 592 0 0 0 0.912752835335146 0.8384128320753881 0.3433381817205393 2.369932001413205 2.742084966639606 -2.373776208183709 0.776128016071054 0.22509176547121149 -0.3263063339566094 -0.4231827519130698 -0.2520439114949323 -2.059196393305574
149 596 0 0 0 0.9387513418462049 0.8171104929378968 0.36463993964697594 2.357819764860566 2.7431279777472897 -2.383817149003087 0.7047470000334133 0.19091275259037732 -0.3376042288610117 -0.4179311363291586 -0.28044023503131826 -2.0356386578924863
150 600 0 0 0 0.939470948137286 0.7807171320420521 0.37564112816689604 2.363906762411562 2.707631963111321 -2.385018137416414 0.7059257200944673 0.16326220044653894 -0.367279757302561 -0.41173014364049076 -0.2750377386766486 -2.0294235553860105
151 604 0 0 0 0.9148866591847776 0.7872488772507621 0.35506234897181066 2.3760992886297942 2.7199971352555536 -2.406638667492225 0.7652940109996587 0.22660474620026438 -0.3455425102431375 -0.418190913204024 -0.33841307945769006 -2.037210717836432
152 608 0 0 0 0.9054553068614288 0.8047710179955367 0.3513554100504207 2.39192422967987 2.6828708693547965 -2.405473780259503 0.7322914875099148 0.23467479288267581 -0.3746290735030266 -0.4210470379902617 -0.303052211522195 -2.0421714902765746
153 612 0 0 0 0.8891888305309743 0.8550162104855562 0.36479161294501705 2.389170301719021 2.6927789493392975 -2.402387300014889 0.7398726498157476 0.2891012394952107 -0.38100061266082974 -0.4272120342497795 -0.30117470440359906 -2.0537615789611676
154 616 0 0 0 0.8853350405812933 0.8244083785417505 0.3831766744942178 2.3765969615441604 2.6822637203615325 -2.4348876385339575 0.737788400360433 0.29215223649502436 -0.3888301448782414 -0.4425394642992389 -0.2788105275804156 -2.06873062517337
155 620 0 0 0 0.8941468837781885 0.8522467792524953 0.39503645902997503 2.3928452234727327 2.689860477402336 -2.4106017746602517 0.7202880515503144 0.34903822593934053 -0.3945362618020461 -0.4524626675748931 -0.2998161270001797 -2.0798470257058317
156 624 0 0 0 0.903741252369382 0.844731191220736 0.3988949922622599 2.385500774652745 2.709683901782466 -2.411743801462771 0.7290581151413005 0.281100368006382 -0.3890344780030267 -0.4657648404056547 -0.3041666351913658 -2.090629958922021
157 628 0 0 0 0.9137991146238819 0.8913135965852924 0.37949684133142264 2.3692226958992095 2.7263600408260746 -2.387507546423283 0.742988820069182 0.2894955318123221 -0.367294525272992 -0.4788024710931987 -0.2754866405270873 -2.1010834521924973
158 632 0 0 0 0.9165822273686861 0.8821124635775928 0.35685581993397497 2.3623625484982425 2.7525753415952097 -2.3902158371096816 0.73022689534162 0.29555760176350887 -0.3475758667034635 -0.47772018721569776 -0.3127188996082444 -2.098285185712877
159 636 0 0 0 0.9027114599505515 0.8769887785731524 0.3565831081869881 2.3674163456944712 2.742928269503958 -2.3953089568917885 0.7597319766768327 0.3180545086539251 -0.35492559040453375 -0.4861094373187384 -0.3018280267792932 -2.0873247271630744
160 640 0 0 0 0.8941817391341429 0.8699540428282905 0.37027205543176867 2.377566927928801 2.727885851496847 -2.4135226005877053 0.7907477854406356 0.291648790353135 -0.3664228369342032 -0.4691353454440571 -0.33402907105234225 -2.074680051879357
161 644 0 0 0 0.905257452757481 0.8691949059798394 0.3773792160025669 2.3734894651089635 2.7233111302445954 -2.4222617654358296 0.7834836212284844 0.32757205038382614 -0.34692969509796573 -0.46954685457310463 -0.3394367456799638 -2.057819754903871
162 648 0 0 0 0.8951568069225977 0.8518692290148452 0.3606170875615814 2.3687451558192767 2.73214912727021 -2.4508241516841953 0.7848408163466734 0.3429798731643685 -0.34603591134778233 -0.4706061985409665 -0.323671632778917 -2.0524905641688083
163 652 0 0 0 0.8921066853728803 0.839056893586225 0.3620259283929974 2.3717560359068424 2.743233232585108 -2.4718318649805675 0.7944218388979187 0.3508169273681273 -0.3346119680713336 -0.4589059615227768 -0.30591754101527535 -2.0412329254110877
164 656 0 0 0 0.8793692941985218 0.8559514672758355 0.35362694505715664 2.3795985405120406 2.7519551923661245 -2.49200425017106 0.8141196597030681 0.34743215283383533 -0.3380256109502213 -0.46763542722253587 -0.2893268157179738 -2.0286992597489286
165 660 0 0 0 0.8803478244996623 0.8390641703298816 0.3609870955308759 2.3823144516270545 2.7495393633644722 -2.4858013053957793 0.828563189077497 0.3905050433850153 -0.336660638914954 -0.4788594697041899 -0.2594676066170719 -2.028446805454177
166 664 0 0 0 0.8635871947945468 0.8379684221276135 0.36238542953439884 2.386117426415204 2.7406966671309014 -2.4518764928759205 0.8266652596993097 0.3950299686529029 -0.3546554670016655 -0.47657578433197356 -0.24656246176763832 -2.021337092023548
167 668 0 0 0 0.8802581645065906 0.8315520627820906 0.36067146445866516 2.3880721512606478 2.7353334342473907 -2.457606868839149 0.8107035746394895 0.37246886006220215 -0.3407476515443901 -0.4675119619729321 -0.23779724753185127 -2.0369350299738183
168 672 0 0 0 0.8862934749321598 0.8473981828000352 0.3597709866987498 2.383687438169601 2.719586942108945 -2.470601340091685 0.8065698827480766 0.38846142900186353 -0.3585096876543386 -0.4585813013318142 -0.23739699310201623 -2.0308487529265324
169 676 0 0 0 0.8761691686312814 0.8248704241181603 0.3698590886237799 2.3798636154466117 2.7125575965015782 -2.465808144676951 0.8022213252650268 0.35747183878653777 -0.34308172541042525 -0.46031413662694615 -0.1827333301636459 -2.0375998460094413
170 680 0 0 0 0.8784111455805116 0.8061668938566622 0.3641431323216585 2.3792066706507335 2.701902508760363 -2.472603647873635 0.8141049194091503 0.37444908611269323 -0.3565484319329368 -0.45960694415226977 -0.18314180007603784 -2.0457643776939776
171 684 0 0 0 0.878964236749811 0.8330279881379612 0.3563880561449859 2.378239846877698 2.6979709962589644 -2.490441305516649 0.8131105229771753 0.3944611389211668 -0.3731777540513536 -0.4455216195718349 -0.1959242926584161 -2.0616276945650305
172 688 0 0 0 0.8769585201751251 0.8394193215814649 0.36010938719700664 2.381456781794867 2.6956056293706223 -2.5046022732762308 0.8078335101358081 0.3645793137615947 -0.3811522816938947 -0.4609336237144945 -0.20721550955416917 -2.0638067701336946
173 692 0 0 0 0.8620987271397744 0.8315955245893591 0.3645220779921627 2.3766655443861198 2.677769869044553 -2.499256320080308 0.8090056637691603 0.3458940199336652 -0.3754655283556578 -0.44488818899187343 -0.22702153563074493 -2.068398086086598
174 696 0 0 0 0.8683494609527873 0.8653956630844878 0.36102734023755734 2.378710602566577 2.673748258294416 -2.524432704621422 0.8034423086651465 0.3406963159545028 -0.3732051650332773 -0.4444988284307618 -0.21234295251265992 -2.0631330185244408
175 700 0 0 0 0.8771449548915369 0.8532900573995258 0.37169459504353125 2.385415734494017 2.6561060545679958 -2.5292719978877543 0.8084659083980709 0.315658045229364 -0.36013811408154806 -0.4465367285257109 -0.20726540957735004 -2.0861239579131867
176 704 0 0 0 0.8846038643870694 0.8660751175360454 0.3735872487423636 2.3870605081871954 2.662074527049739 -2.544328433874926 0.8304817855373958 0.2989496243269532 -0.35282873392278524 -0.4365220783918464 -0.18627356713429719 -2.0752069390322108
177 708 0 0 0 0.8838948974179055 0.8720626006157456 0.3655184769115032 2.390821748555808 2.6696669094189502 -2.5332460025469468 0.8654839720819159 0.30878539055256343 -0.3730022185549713 -0.43925565682791706 -0.214827306201186 -2.082532848907766
178 712 0 0 0 0.89744076399665 0.8678103199389259 0.37211974967445915 2.3890539702007207 2.684595580965799 -2.559286032636888 0.8684181780689917 0.3256129524676246 -0.3745840206013536 -0.42681456353395647 -0.23562073909858816 -2.0884179092739137
179 716 0 0 0 0.8997528458265268 0.8900833480823129 0.37245656861376314 2.38920238894069 2.6950128282728967 -2.5478359370458303 0.8814693337108457 0.3255089033915606 -0.37036423528191237 -0.4306833282172951 -0.25037457591279666 -2.0903274305580504
180 720 0 0 0 0.8969970635197069 0.9121572934642886 0.37370542435597565 2.398296577953067 2.7012837074226588 -2.543196155042954 0.8705725379774634 0.3097210887699001 -0.38156672003437175 -0.4261578216271687 -0.26574081600363664 -2.091139734198741
181 724 0 0 0 0.9032887614917879 0.9023353113449966 0.36724177081780623 2.398096310110314 2.7155568533974948 -2.5493752566533225 0.8936423384948405 0.29053094145379427 -0.37739089223077704 -0.42495018542017277 -0.28726639416132926 -2.087246428803247
182 728 0 0 0 0.9027129227085016 0.8998578177937329 0.37671481740987783 2.3992247879146937 2.70808814453701 -2.527527576608841 0.873893082959965 0.2575570892755543 -0.40459381741464406 -0.4296059544429446 -0.31708492831359947 -2.099856807838738
183 732 0 0 0 0.9027932046763273 0.886092754587577 0.37338737673028366 2.402200542652837 2.6993511965176284 -2.522273749565361 0.8950415194094842 0.25493081918192395 -0.4028112997175778 -0.4386350422753853 -0.31229697389846023 -2.100863413923112
184 736 0 0 0 0.9029933923395373 0.8862340642478163 0.37397417205452843 2.4015743716302813 2.7166650090513604 -2.544520394875302 0.9082931595986623 0.2258564122589189 -0.39294317082403696 -0.42785436313354164 -0.293280548997191 -2.1160160779529607
185 740 0 0 0 0.8998335896747405 0.8770536883073629 0.366705745131027 2.3973757775919102 2.7125189404990206 -2.5317349516701384 0.908114157418149 0.22709300329865245 -0.3986491834055828 -0.4277647706764295 -0.27768325350044865 -2.108006879704159
186 744 0 0 0 0.8948744166674865 0.8768266496658078 0.3700296006322846 2.401429379610043 2.711649524086898 -2.514351673840534 0.9187911176162968 0.25905669964843026 -0.3862687676835537 -0.42403973309441145 -0.29306177610327366 -2.105783521375392
187 748 0 0 0 0.8939537202512522 0.8471353399944589 0.3658036554295006 2.410842396321642 2.7189693592439803 -2.522978230039223 0.9188778596383689 0.2312151981577313 -0.38861744461699405 -0.4259059677641869 -0.2670709276081178 -2.117405303972401
188 752 0 0 0 0.8966795214224825 0.8730698937935073 0.3762533275520897 2.4154673273962763 2.7073767132440683 -2.5376771814355883 0.9068823640782322 0.19678837199880916 -0.4047815986681892 -0.41239279472367424 -0.2931533405265703 -2.10834496428775
189 756 0 0 0 0.8978997848503285 0.8807536247088227 0.37607260454796304 2.416647201164406 2.70493608103365 -2.5373558770604707 0.9387891862129885 0.23405848046686248 -0.3920969509714698 -0.4018027466309252 -0.2880719769816713 -2.1156138872259724
190 760 0 0 0 0.8920660956062993 0.8744223625187926 0.37559520722569356 2.418158497808225 2.712228264271855 -2.545063486235323 0.9687326051770796 0.22469648025767336 -0.3981372079606119 -0.41023738136566046 -0.29617864369890107 -2.1165401942394904
191 764 0 0 0 0.8881952981611337 0.8605319071069174 0.3590556084243885 2.4135713323319035 2.712954562175363 -2.5335623187324208 0.9436774813689404 0.19473677697008668 -0.39469407176290966 -0.40281241526001427 -0.29565248500364255 -2.1395985139650646
192 768 0 0 0 0.8994025629060877 0.8652390833287191 0.3564646736259644 2.416339388570055 2.705003210428378 -2.540890340587127 0.9562016150573451 0.2031507580462796 -0.3982135337017227 -0.4009653888747337 -0.2893830661510348 -2.147683135398171
193 772 0 0 0 0.8897616133694346 0.8578383105124519 0.3562897284511447 2.4175266082701365 2.7091137929106495 -2.539735381002095 0.9563505973526825 0.18858514647944302 -0.3963612037106813 -0.4058353251999585 -0.2814129217485219 -2.1344689950476443
194 776 0 0 0 0.8875317325128855 0.8568379374902206 0.35788051668232995 2.408351493094471 2.7259562143804654 -2.5478624455219583 0.9649867695661428 0.1931523564666689 -0.3891025441319892 -0.40190749977129014 -0.28614279121029257 -2.1431051914318027
195 780 0 0 0 0.8754920573636777 0.8635876740614602 0.3583503564664949 2.4098888533784675 2.7235693677014865 -2.5402420476689467 0.9478819226114477 0.19772420912089658 -0.3941375223335942 -0.40583222501258764 -0.30899183600695507 -2.140276350990731
196 784 0 0 0 0.8809099164710945 0.8539642849740475 0.3637764904243047 2.4045988392340214 2.7226563221854843 -2.5311889856641687 0.959559256622046 0.17719031584621736 -0.39498985901154293 -0.41303302863839564 -0.29834370137819877 -2.1426007635024327
197 788 0 0 0 0.8810222810371979 0.8509271115310908 0.3730817554998137 2.4041272831623712 2.7176068866502145 -2.5318578143782977 0.9844933107894469 0.1969405815124329 -0.4023028119190196 -0.40237699286668216 -0.29283945821727553 -2.135962137667461
198 792 0 0 0 0.8758431734719301 0.8583707985718891 0.3732311904684664 2.4107899393428665 2.72876566838386 -2.5429236072602257 0.9758363480916126 0.17856997186126244 -0.3986823458908594 -0.4154869539917893 -0.3045201381267834 -2.1352392262949977
199 796 0 0 0 0.8805651305668019 0.8353581580849933 0.38094448701028316 2.413195999310568 2.7335052253737384 -2.5407385073804725 0.9620708032944333 0.16205670553106086 -0.3965628161355541 -0.41191348958156404 -0.30013621596721196 -2.1410786292414987
200 800 0 0 0 0.8850418888181733 0.8310351268732922 0.39052775522204325 2.4143430152789085 2.7353963949112696 -2.5545000070806916 0.9592200818442478 0.1605048959032799 -0.4014824500757582 -0.4121330033046655 -0.30949620530696054 -2.132959556802846
