% # columns="iteration, evaluation, sigma, beta, void,  sigvec==sigma_vec.scaling factors from diagonal decoding", seed=1752488073, Mon Jul 14 03:14:38 2025, <python>{}</python>
1 4 0.4532141562534133 1 0 0.9884878199478058 0.9602412444734985 0.9972353663405962 0.988059818375509 1.0414321475507988 0.9841428846279691 0.961240274281557 0.9831072605569079 0.9640490950868761 1.0212043889432363 0.9844260578947318 0.9830826037391205
2 8 0.4624361063139268 1 0 0.9683622579845963 1.0982611743557875 0.9543253394441905 0.9751381644860327 1.0933067726166787 0.9457813575324985 1.0179021059029163 0.9795929175201507 1.009231920394336 1.0173883449035066 0.9808500651879675 0.9980731602301994
3 12 0.5206021349131323 1 0 0.9735121395620668 1.1215224585457728 0.9534827496432733 1.0003995055719561 1.1226910003529125 0.926467018759246 1.0392044725165261 0.9716117895168194 1.0014000331703523 1.0133616128250567 0.9708003245220233 1.0070262908139862
4 16 0.5304479309703586 1 0 0.9546079321790256 1.1417705969704892 0.9392243177297454 0.9797549860747837 1.1037609906669716 0.9430768146406139 0.9902039224908673 1.0114958445652291 0.9908048945243092 0.999684121033725 0.9629415383510432 0.9963348121760569
5 20 0.5132865298079323 1 0 0.9464689455913005 1.1228886658280186 0.9232677724169172 0.9636839994512993 1.08719353436278 0.9315880488054024 0.9852899260631134 1.0472419571163412 0.9963379609624932 0.9718609114588123 0.9575707117952995 0.9829248464327134
6 24 0.5008604736612315 1 0 0.9192599454840347 1.138553047246626 0.913122096457663 0.9289927652685073 1.0859918760416516 0.9191149803191252 1.0319949890436353 1.0638467211458227 1.0677230069740147 0.9494887997044005 0.9494675076087519 0.9691308399689114
7 28 0.509278476338902 1 0 0.9196771519176756 1.1573060507234911 0.8958672128879555 0.9758512604481875 1.0747891604328716 0.9034401902520554 1.1000107389005385 1.0411289551400604 1.101339439302646 0.9416414276634172 0.9335063057556149 0.9418610826725026
8 32 0.5147419951245883 1 0 0.900266067769737 1.1824043615601563 0.8939762641752182 1.0130446194373366 1.0590881372920198 0.9191250620506944 1.0713064512444919 1.0232078644130878 1.1011252799304259 0.9277943891215836 0.9467149509996778 0.9242265546370831
9 36 0.5160612119421559 1 0 0.892589419677816 1.1711672441636949 0.8805210280781769 1.0809535112037036 1.0455193681216621 0.9670654642418006 1.056337999900211 1.009488298285826 1.0930396389753074 0.9243290615962535 0.9460370275789216 0.9096407717461762
10 40 0.49079158165331166 1 0 0.8771389051161814 1.224399624698279 0.874006625745579 1.0629655019526958 1.0262377714333266 0.9435220983126049 1.044550620362046 0.999142364789256 1.0772670554548036 0.9374776220059793 0.934283230161375 0.8705669280072034
11 44 0.47558301288611105 1 0 0.8657687397791862 1.2664583560091465 0.9246585562792817 1.051757160250627 1.0130764365302045 0.9531049816781131 1.0305259885974514 0.9688487434060319 1.0514549826178734 0.9327099598708353 0.9273392607433667 0.9318882366778484
12 48 0.42466047387933226 1 0 0.8547485399577995 1.2622391292734574 0.919366777473204 1.030301436756622 0.999195734468532 0.9286490115715048 1.0132839997617846 0.9752668488092243 1.055059645592019 0.8971533955821327 0.9165052879757938 0.9256470884631199
13 52 0.392968088415853 1 0 0.8403310945334477 1.2353884110805824 0.9094225556190267 1.0094264457291646 0.9686429402237536 0.9144914757131356 1.0037526233436949 0.9575176295127114 1.0412441281497766 0.8810878945608469 0.9148214148644894 0.9626108788871243
14 56 0.3956662899242162 1 0 0.8279952637758546 1.2003956654941472 0.8931156204894021 1.0043607315904068 0.9618860843627437 0.8999291853585343 1.0070205797638516 0.968069245008188 1.1248696825738214 0.888543100749988 0.8725908600918482 1.086522157596427
15 60 0.39155083004042185 1 0 0.7960139619362422 1.1936000345387145 0.8758518502552042 0.9787232009365489 0.949833716726772 0.8962789132448665 1.0131868270585855 0.9820119996609756 1.1232072360207677 0.8746810418117381 0.8989863125247973 1.059531006654554
16 64 0.40453866634305446 1 0 0.8130485567916449 1.1803861398935536 0.860181680472035 0.9487052574619929 0.9264055378007621 0.8574140865006894 1.0565218212477074 0.9808494071308023 1.124164146333747 0.86253866901449 0.9079269262693321 1.1695476870986639
17 68 0.38279829225731205 1 0 0.7972923291045364 1.1696502777873727 0.8484603466021012 0.9376750602185384 0.9251966502162676 0.8323862522000524 1.0727800577978868 0.9725237820077939 1.096266360240328 0.8431976498829094 0.9281895270841816 1.0740776070772202
18 72 0.37251957227814175 1 0 0.7805250214007456 1.164221395777412 0.8274474889962891 0.9117137117554253 0.9228698275502214 0.8319545504727749 1.0279773533818792 0.9599971281815455 1.082458196361608 0.8385186950032026 0.9146944945453825 1.1454211547899982
19 76 0.35626342008184025 1 0 0.7732387453172105 1.143078432980589 0.8300275986358467 0.8857787975569192 0.9265732049633915 0.8204106027733079 1.0277198286037061 0.942606912136774 1.085323685215043 0.8538807706447918 0.882106456436968 1.1653792148749875
20 80 0.35013689967657374 1 0 0.7556493062982266 1.1044538753279014 0.8115090667333519 0.9014938886358046 0.948677241572699 0.8092828988141254 1.0226587941170737 0.9445670650899876 1.0827292841245277 0.8585847010651367 0.9159938807373977 1.1572201299212663
21 84 0.33976240315569195 1 0 0.7525729081409769 1.1571374697493733 0.7933579381871645 0.8951559171318871 0.9470323259962528 0.8008245661391175 0.9893810185331141 0.9307604487885366 1.0665320923333301 0.8379248323243924 0.9128896066978349 1.1423281002632701
22 88 0.32950903999994613 1 0 0.7514040852927367 1.1757894625737584 0.7655964867062987 0.8829622243622582 0.9324469414485699 0.7908951121615575 0.9653314675939907 0.9137885809829028 1.0570261739450906 0.8263829831054776 0.8789215841232058 1.2062399312066723
23 92 0.35574529288404694 1 0 0.7413661435914263 1.1591273199113075 0.8246319767308143 0.8752573588398542 0.9042058617009069 0.7775599346038875 1.137717969517653 0.9001465981168156 1.0554492149244816 0.8148294765402652 0.9327178400848929 1.309953390066176
24 96 0.3571778668619105 1 0 0.7270420994292751 1.1547348924342897 0.8788940241685875 0.8628011755359919 0.8977821914901292 0.766693240845043 1.1407295154805057 0.8874694973524414 1.0413027896881866 0.8035236070683768 0.9228289682291844 1.3457756426871779
25 100 0.32935118006530517 1 0 0.715182860701602 1.133855232048265 0.8620790753763767 0.8490468900313718 0.8844732478644779 0.7557925058867915 1.0896034881152523 0.8742743451231902 1.0205217458124882 0.7920001111994377 0.9262643215463455 1.3836409925613542
26 104 0.3038747880215304 1 0 0.7078839413852441 1.1483019944553106 0.8452539055381384 0.8352899779088095 0.8669531066824644 0.7799520791348791 1.0659771151367718 0.8643008521484605 1.0021770197138575 0.7731702782015419 0.9065796927498292 1.3595903286142759
27 108 0.28647837426722855 1 0 0.6974758955017343 1.1315305692255404 0.8335525841561661 0.8248466627409897 0.8421857030987812 0.8229049461004114 1.0533465505444097 0.8478111442002066 0.983465468435688 0.7276892595820159 0.9085833800509487 1.3166285132929632
28 112 0.27213577312469417 1 0 0.6894936294261459 1.098990087959052 0.8077610412182256 0.8005388078950912 0.8403266781327675 0.8551711403227189 1.0370735007736112 0.8386141160756815 0.9511379544031375 0.7270124397420169 0.9150465139339056 1.299889707418562
29 116 0.26384452893104493 1 0 0.6778492015106037 1.1083679819742671 0.8268420962733809 0.8071374186481391 0.8383958924700647 0.868327679845522 0.9937515427980828 0.8244982615303228 0.9607920329755926 0.7269608689658179 0.8915390925317542 1.2870026476993999
30 120 0.2688391038009534 1 0 0.6616055913808224 1.1191211665044325 0.8506059756718269 0.801400787345513 0.8106630513773885 0.9013346123216964 1.0213273363169597 0.815745839474997 0.9670940573588532 0.7791013480462329 0.8775306780192278 1.2694062539591313
31 124 0.2688379892640669 1 0 0.6710095442656735 1.110723939221589 0.8454978741241082 0.7924568901358253 0.8203771537389166 0.9171932994597289 1.0403110087479415 0.7954976646988463 0.9429190628276625 0.7863856153544077 0.8778301114388389 1.2643049352388553
32 128 0.26521773503272056 1 0 0.6562347035009342 1.0994490188930544 0.836352699531726 0.7810210766713875 0.8223310422736114 0.914000751685942 1.067040131824983 0.7917363124874028 0.9207126801666127 0.7780387282234511 0.8577313513742617 1.2685215724158931
33 132 0.2782392001440367 1 0 0.7060007142339098 1.0767307376215312 0.8423138172949698 0.7781509674567999 0.8870109261782437 0.9025109559182942 1.033255779255347 0.7850954825146227 0.8765392518595468 0.7784109235445181 0.8450449925106127 1.2879669638856917
34 136 0.3049550562080773 1 0 0.7105027182165953 1.0900361781028327 0.8264773703074197 0.7650090374004431 0.8705298173206294 0.9617625882978168 1.1624622918120717 0.7758447118115789 0.8709045946350487 0.7933733416225435 0.8335059935917815 1.3434724195546928
35 140 0.3202650255988527 1 0 0.7596079410874692 1.0739406504681999 0.817919632553369 0.7433236598104477 0.8616054284650889 0.9846944982831851 1.1617480281655652 0.7616946360751897 0.8626136187990837 0.8077048140969869 0.8356775149875071 1.350541985483956
36 144 0.32909438218199216 1 0 0.7728673417903225 1.0604531632437113 0.8323681183914035 0.7332483460786889 0.813553789160771 0.9731404213522884 1.2010374231271725 0.775376678379615 0.8478574575556002 0.8286419568631599 0.8361659834301106 1.3968189064684993
37 148 0.3227224878308401 1 0 0.7772867721523842 1.0592970194879054 0.8228422187128593 0.7210120077411178 0.8325426613534826 0.9440360626687049 1.1987195162495365 0.7662275623828076 0.8352781570810179 0.8071899323884344 0.8215995268465254 1.4514527447824483
38 152 0.3046882021591292 1 0 0.770207220795451 1.0374175417421296 0.7875784626053625 0.7063802505342195 0.8203089541136614 0.9454422206149315 1.16346909037535 0.7471058240182129 0.8033116540930181 0.7843870137788354 0.804163598302908 1.4752198797891054
39 156 0.2912766068634284 1 0 0.7546763965043539 1.0213920807343746 0.7898178368681505 0.6927869038908426 0.8057823909629203 0.940238347443211 1.1362154339420754 0.7739811352609286 0.8009135311290054 0.7743427852238715 0.7984906621705908 1.477624947814502
40 160 0.2724497769568287 1 0 0.7604148553046904 0.9983949050583968 0.7792047578363346 0.6878064492508903 0.7972676475271655 0.934601499978337 1.123798137290276 0.7591584006211862 0.7998552809948766 0.7603234200112051 0.7772840465808682 1.462814489039121
41 164 0.27302996615897435 1 0 0.7656163015170445 0.980525545957667 0.7616540968104581 0.6813262799054186 0.8309854999804224 0.9395592363424421 1.211350914999138 0.7905092405081858 0.7795281802955581 0.7444099170243221 0.7848477897576023 1.4879881286410679
42 168 0.2660985961222014 1 0 0.7550807860000626 0.9619148848034613 0.7471553940050862 0.6880044723399776 0.8268412340161339 0.9314470506423105 1.2628872376286902 0.7833693321345316 0.7792365854789214 0.7357234203273202 0.7889065387394233 1.4960382009701898
43 172 0.25459447345952907 1 0 0.7456844608276569 0.9502754239889522 0.7365812981001186 0.6809696065873058 0.8427032816093832 0.9183977470542481 1.3015529518609807 0.7729587292120296 0.7836058789873064 0.7213493080056728 0.7702404395594533 1.4881637980214477
44 176 0.23524460931738075 1 0 0.7303656497505586 0.9386366569766883 0.7268522116038846 0.6650094273454845 0.8348253126283877 0.8869901544206494 1.2950687273851027 0.7647061880534651 0.7687956144837073 0.7078578785867444 0.7869096520983946 1.4894491692621914
45 180 0.21614711935145017 1 0 0.7268280157526023 0.9202677401136166 0.7203581940609671 0.6549962329957428 0.8219804877647008 0.9170021388014977 1.3123611538850963 0.7441853685312609 0.7652433031250945 0.7083922991784544 0.8027972173753645 1.3934411852825062
46 184 0.19661430740926988 1 0 0.7203638560892824 0.9155426861659642 0.7115386136741273 0.6530449530287951 0.808421991905382 0.9162542180158167 1.2936256881315031 0.7288786062307082 0.7555403351527241 0.7043838519148133 0.7418052674774973 1.4415434821348563
47 188 0.18683548854901644 1 0 0.7201346726155763 0.9278632852352591 0.7010634451238722 0.6372631617835759 0.7950803653780042 0.905844554023646 1.2522130963977758 0.7137198514056752 0.7420450426219262 0.6988446044692345 0.7831745360682688 1.4549224712752666
48 192 0.17459287396965664 1 0 0.6892017986329637 0.9261460790260025 0.6890211583996564 0.6603083053480466 0.7767666256601249 0.8947878417020452 1.2639680544912113 0.6983416229505776 0.7329488990790962 0.6880221613710673 0.7667406989401582 1.4402419768218293
49 196 0.17529839638047962 1 0 0.718673448365754 0.9537879630576789 0.6784762813159527 0.6387597422957085 0.7853313514487957 0.869469751344945 1.253637866841007 0.7287622890351119 0.7348108093027148 0.6864422248312622 0.8119006723194052 1.4221824970373154
50 200 0.17692608649774727 1 0 0.7105933767927558 0.9479054798162241 0.667231536257785 0.6886824357872251 0.7504763799050478 0.85044518825733 1.2421156685442432 0.7244609050778493 0.746680400042074 0.682373483057847 0.815013995393612 1.3892944816852961
51 204 0.180270130878238 1 0 0.69933113849184 0.9259099996512576 0.663519981282724 0.7067400197487452 0.7776840845144762 0.8637710107453069 1.2534260908855865 0.7161996018474843 0.735425378252642 0.6848947479918056 0.8054980981805256 1.3530678946299717
52 208 0.18338522858149 1 0 0.6974486165914219 0.9113219991327062 0.6722479733237781 0.7113996146793286 0.8160636699654528 0.8562621732537363 1.2830668428363725 0.7229970698410545 0.7352051124092901 0.6744807160587157 0.7906611467235078 1.3354715823352854
53 212 0.18411478152150262 1 0 0.6880454868364854 0.8987298794495762 0.6850994372964723 0.7328896664272196 0.8119353334610122 0.8365201469956245 1.289144304779691 0.7166775276754879 0.7692532085329404 0.6567588551924702 0.8051421720754303 1.310589663161278
54 216 0.1814866125942452 1 0 0.6758378607772371 0.8956601840062403 0.681317964631104 0.7235776853758699 0.7974952958293412 0.8312995682597327 1.3488057499727197 0.7069089028034857 0.7674484405284528 0.6541379968228334 0.7974429113829514 1.3203636042535054
55 220 0.1744318259390928 1 0 0.6735248632475664 0.8897471310946594 0.6414808571833789 0.7051969769647062 0.7847182421304951 0.8168460093831129 1.3713424120519406 0.6828329732049407 0.788087417804205 0.6404065516800176 0.7840580566469284 1.2985339193338812
56 224 0.18432895528454282 1 0 0.6713002626365591 0.8702902131243431 0.6349945971990026 0.7016786149397166 0.7800339806291823 0.8229453997959684 1.5985780718346663 0.7394973313867981 0.7859855442657332 0.6261481958534394 0.7864492746672399 1.3122002590301163
57 228 0.17852783881547662 1 0 0.6551419232927054 0.8544669593819101 0.6290509293082699 0.6913869436618033 0.7624212073350323 0.8134440077127782 1.6139186369290324 0.7642257652236312 0.7749372147633105 0.6121549994034369 0.781532242446587 1.3002049043647126
58 232 0.18357499151773515 1 0 0.698324541620891 0.8629041875546473 0.6268873916720075 0.6763803022383726 0.8134980391446811 0.8304934717117021 1.5628621153459359 0.7554727526486599 0.7747943723478063 0.6208424113844608 0.7907668512379941 1.3001650444051815
59 236 0.18281267003927643 1 0 0.7047319457245127 0.9604574941904843 0.6246274715295248 0.6657493865072062 0.8205212332389707 0.8186985210921339 1.549124673189653 0.7507833806652804 0.7638961781788086 0.611890530970148 0.7811544643984195 1.29287439891891
60 240 0.17738235829639512 1 0 0.7180778850800953 1.0211773828484192 0.6159335528182797 0.6633927011976106 0.8067164647897289 0.8254472743029976 1.5415515878550126 0.7447400785012092 0.7615899284872273 0.593494359133514 0.7729356158172147 1.277250388914956
61 244 0.16919930537437675 1 0 0.7125824956322294 1.0170745921272006 0.6158574899040953 0.6496696780875287 0.8244386816130528 0.8216734206308943 1.526150257487311 0.7304630198726001 0.7127121193965565 0.6002910590302036 0.7671653211002881 1.2630030852539864
62 248 0.15459658950790583 1 0 0.6670260010480944 1.004240150203621 0.6102209474515767 0.6430863720619654 0.8144751844868451 0.8101081998036447 1.4888826516246878 0.7248378731209508 0.745377100719827 0.593556184795519 0.7335831183463243 1.244913722280855
63 252 0.1527275889421265 1 0 0.7158223960099089 0.9898254068206538 0.6023847942691675 0.6314717823680187 0.8121998112522795 0.7917958404477902 1.5199773084089725 0.7043843566830396 0.7666865149550603 0.5803015033196466 0.7433434390584907 1.2304533049249875
64 256 0.14011380046645652 1 0 0.6889979876544793 0.9784843748848285 0.5841731540202896 0.6230489560664294 0.8092779396091934 0.7783063456110311 1.5169161504264042 0.7032870099917833 0.7625345647012163 0.5775559269769671 0.7458686990351068 1.2146397559252404
65 260 0.1316551491677822 1 0 0.7244477462906308 0.9801906001874624 0.5805509075778146 0.6076918463113583 0.7908871316159771 0.7534802750850996 1.4819007083619056 0.6783060642686699 0.7532044393989255 0.5662376499445567 0.7197466256693491 1.2087554770726066
66 264 0.13736880859237138 1 0 0.7178374808230589 1.0373510497434233 0.5751037914601516 0.6171768858304719 0.7999579724650521 0.7426694809007298 1.4583374896138324 0.774442643977654 0.7499028888832795 0.5976201186677607 0.7101281808073273 1.1779175970160634
67 268 0.14203201776239516 1 0 0.6972728706277138 1.152646453862288 0.5674453307039983 0.6164712084867633 0.798832064520722 0.7345229774541915 1.4774647840454889 0.8090456817052964 0.7524916302790435 0.5949977678551792 0.6923900274076208 1.1923763208447051
68 272 0.14038756237116345 1 0 0.6952046089854712 1.17205784307355 0.5586458155524472 0.6080386285274924 0.7871852759312473 0.721958913950301 1.519062457208009 0.8099701387427791 0.7528426815928229 0.5840163517180756 0.6875034615987903 1.1645823900665706
69 276 0.12637265388285052 1 0 0.6839407340606026 1.1501773247540696 0.5499037062427407 0.5985099361950568 0.7618176616888857 0.7016988812717656 1.5076940254192035 0.8017706361355905 0.7436292559234619 0.5700633200838532 0.6931293755825992 1.1509838035371063
70 280 0.12221891162949079 1 0 0.7048222438503339 1.1805060230950228 0.5362002256710406 0.607566039656633 0.7324292179606334 0.6864124252756207 1.4901660353433492 0.785881108905143 0.729270781171597 0.5630742422995286 0.7286423495275648 1.128495908606621
71 284 0.12301723363311005 1 0 0.6999382479915737 1.1721258403737718 0.5454148747225334 0.6066283910280522 0.783277516328447 0.7094215166714536 1.4508138954891827 0.7975346788408499 0.7129932057661826 0.5556516078466871 0.7880001377571593 1.1308750483063439
72 288 0.13304717217600484 1 0 0.6893247952451577 1.14891861752812 0.6005069889138391 0.6016543134590029 0.8273144719602528 0.7073440982621523 1.4560875759473222 0.8161586989381295 0.7062523260912208 0.5434784331565767 0.8955575785590127 1.109195788864495
73 292 0.1373674571448236 1 0 0.6802188338999825 1.1543856855008807 0.6244584133581202 0.5965356920195967 0.8303039011699705 0.6963899065405518 1.5021664616462942 0.8165867976794704 0.7040547654306701 0.5384760651847686 0.9353111617800924 1.1264181656293042
74 296 0.14306225670631728 1 0 0.6718343619733619 1.1322863716130684 0.6498242746150135 0.5891631731432622 0.8203631806368498 0.69037232391934 1.4765353988270138 0.8041242341504651 0.693716587134664 0.5047036321417834 1.0480440122658332 1.1339478448525593
75 300 0.1508976435099251 1 0 0.6625186854277367 1.1435527510970318 0.6610112869928813 0.5789503122984685 0.8204893515337112 0.7109207494239574 1.4520597416302465 0.8586906169068205 0.7106332982854509 0.5049434366493369 1.0877829905131988 1.1359897352673727
76 304 0.1613506655884453 1 0 0.665906923988202 1.172634063049011 0.6678564543072067 0.5742766790642067 0.8181352964538806 0.747913406760108 1.421081205492436 0.8860394616568427 0.7049794095163384 0.5000483358363162 1.0689421281546716 1.1937522107426641
77 308 0.1719067269953403 1 0 0.6603094375036259 1.1875108596587667 0.6645447118863858 0.5641584216304624 0.8122245684687179 0.7707532659700012 1.3978863267206048 0.8752805696458641 0.768398953110813 0.4994332262058712 1.0823415484759709 1.33780205256042
78 312 0.17271864460457245 1 0 0.6459262243345114 1.1927894901981457 0.6571290125729883 0.5582199470729163 0.7968693254889967 0.7610944969385124 1.3761358868483737 0.8666446429853365 0.7947705764571887 0.48966661076778784 1.1468916258314665 1.36900392109884
79 316 0.1605681019795376 1 0 0.6291932135531585 1.1736473856279654 0.6518860725330573 0.5476609203540093 0.7844646521579811 0.7531114642097313 1.362432580804006 0.8306224760649873 0.808877583175337 0.49058322575194496 1.1623436296337877 1.3598816092074226
80 320 0.15803181647499204 1 0 0.6204536756442964 1.1545742485527053 0.6471629888685438 0.5493549501833369 0.7534171141302273 0.7297253400813667 1.3300467694587514 0.8719205541203465 0.8499160058977434 0.4887273295399274 1.1376401569753938 1.3309519918981936
81 324 0.15893622339989874 1 0 0.6069267598325734 1.1611645944047846 0.6677523331111683 0.5303451199876394 0.7472296587510956 0.7235047415618101 1.3152259920270861 0.9079337749330262 0.8803957981819646 0.4908763627022315 1.131100379642196 1.3105041396106099
82 328 0.164818117234191 1 0 0.6101460409318856 1.155152065172167 0.6746158328913319 0.5325012704169002 0.735616309360635 0.7638770661180344 1.2831065425199994 1.0215395730766048 0.9058226413650241 0.48515136379224555 1.1187146919206534 1.2912722939679213
83 332 0.16124631169918835 1 0 0.6102503583806561 1.1488422307550339 0.6843201007534555 0.5196437022663796 0.7281668278647938 0.7668593398164357 1.2816776389472326 1.036703560512915 0.9034387780598377 0.47601567295738506 1.1059543079015894 1.2820663917632884
84 336 0.14798757080819228 1 0 0.6068984244744244 1.1360049868995568 0.6836042882560802 0.520447880408408 0.7198220379086824 0.7573908387398238 1.2768614747750506 1.0259516543508056 0.8907336820956909 0.4626257117051751 1.0688001729162238 1.2780115064813078
85 340 0.14374023259852686 1 0 0.5953133130616391 1.1158079256747169 0.6631817070918825 0.5230467786121888 0.7174501394243555 0.7469165889031213 1.2325967322362934 1.0065896886256842 0.9345217995178896 0.4703216146150415 1.095502915324011 1.2488849140372722
86 344 0.14939797052735304 1 0 0.5870740293308888 1.0955537521684322 0.6545100203446421 0.5169296576577063 0.7422368119269884 0.7339475581410104 1.2250369386648732 1.0532183395840724 1.027937494861944 0.46438802737162865 1.1213824176688905 1.2278747526176117
87 348 0.1419729744536672 1 0 0.591505955749869 1.0702185433288784 0.6471774142633671 0.5066622339485838 0.7304532662630816 0.7112528705194167 1.233737835984542 1.0458631151217945 1.0376697285078558 0.45513767434844404 1.0941400937801677 1.2109275902866483
88 352 0.14414392539686655 1 0 0.6119905186865086 1.085571495439723 0.6392236127397767 0.5058395051096743 0.7222816785329069 0.7294413189137436 1.2868375973842432 1.027069442194127 1.051392042819142 0.45946855936835634 1.1215795449332358 1.2022425487721442
89 356 0.1384030557806851 1 0 0.6190143377540793 1.0898926931530355 0.6234262670744567 0.497691704961744 0.7113224637085787 0.7028152799132615 1.2569289060975741 1.0252868663427173 1.048572064389408 0.4568906739836895 1.120011244884542 1.1996839355993463
90 360 0.1416301327479453 1 0 0.6014679967900199 1.2590606775243534 0.6181921687941044 0.5274544560440451 0.6939818978343144 0.7111672496474981 1.330691992655094 1.020811766895923 1.0340738299333432 0.44628616500717744 1.216279602892152 1.153576007481696
91 364 0.13420394845916617 1 0 0.593969998732893 1.2937197270848086 0.6094801269987654 0.5265110299645528 0.6802145336072974 0.6740220979264379 1.3155143054144782 0.9742924017179553 1.0214606051778639 0.44685310770216424 1.212438264711891 1.1921817260208045
92 368 0.13487370508182833 1 0 0.5841266302306829 1.2931972800748108 0.5971924204825555 0.5319952426484919 0.6975958766059298 0.7168374152982797 1.2918523288508366 1.0248401198253367 1.0004908652716347 0.43363141995592536 1.248766428352316 1.1939425463639215
93 372 0.13848617749584596 1 0 0.5732957573901695 1.2936518181076833 0.6142413877820638 0.5262233554149217 0.6961011448604594 0.7192251368442767 1.2952679130816396 1.075173962341719 0.9811339547356916 0.43905761614937694 1.223082289296114 1.1765376420425862
94 376 0.13195082072321887 1 0 0.5803136727134448 1.290148404787888 0.6302596188369393 0.5180438501554454 0.6871720709458804 0.7103263959970048 1.2936627472721058 1.0279159631918062 0.9704949964576682 0.4369740771520903 1.2520201334659702 1.154448630593448
95 380 0.12262204724271869 1 0 0.5752436363016096 1.273729284837835 0.6288292008685691 0.5004948817148746 0.6811667989079224 0.7130918585728269 1.2591388688006757 1.0080065331493249 0.9602421058943068 0.43132107256577845 1.2550135178945832 1.1293131975543425
96 384 0.11902769960866821 1 0 0.569076037133329 1.254259040579456 0.6254378041892087 0.4993232607545056 0.6723078758618083 0.7034366493885637 1.2501755768610445 1.0514325394777118 0.9448937326150064 0.4343397593712484 1.2504564884657405 1.0989048867415752
97 388 0.1142454220019278 1 0 0.561175771584688 1.2231344642858064 0.6171643856363916 0.5000497376264496 0.6626290014519793 0.6946961287280522 1.229345629529028 1.1442787926752762 0.9382029336854362 0.41583888555993154 1.2289215739791912 1.082539456320039
98 392 0.1059057442601192 1 0 0.5579579914157219 1.2085514939732072 0.606203263225965 0.4922671834354965 0.6541191234101635 0.6903852194227651 1.2029275735507239 1.1301867588226087 0.9078051829368302 0.428105772861805 1.2615440344046451 1.080300704506432
99 396 0.09838439458276721 1 0 0.5622763405952851 1.1928814643744377 0.6080139353138854 0.48057621913551135 0.6420743300900092 0.6828383328216808 1.2211764668567435 1.123041303441472 0.9360490912703392 0.42183638178299926 1.2593124416642654 1.0772349881423253
100 400 0.09151377366577745 1 0 0.5678574846937702 1.1775737827788648 0.5979530833084872 0.4783259953929988 0.6406759464697181 0.6587568917151875 1.2083552307978296 1.1039574744208274 0.9279850083897725 0.41783643083383465 1.2619300444513715 1.0679485923203125
101 404 0.08523223807572697 1 0 0.5627443750884694 1.1508262560650462 0.5907767776994103 0.4752470227150083 0.6321279994539701 0.6830907964236156 1.1996425058201312 1.0989599662152743 0.9198826029494462 0.40855277080112096 1.2465513915066158 1.0765614491412991
102 408 0.07981208574313471 1 0 0.5547487262131559 1.132744607709278 0.5672022377693086 0.47039714558206036 0.6294747856859643 0.6817250865656429 1.2072555422983167 1.0903684097655952 0.9062653166829946 0.41078449195858463 1.231197793989849 1.0697027657768743
103 412 0.07326733809920725 1 0 0.5459184709003777 1.1232093285811215 0.5734767650184102 0.4612779323458165 0.6230504202157272 0.6776970662273982 1.1865306426944666 1.0549577947408364 0.8916314145682446 0.40886735117735645 1.212181011948076 1.0624987953994465
104 416 0.06970345912198113 1 0 0.5425182216497928 1.1260800709453285 0.5611512593610749 0.44896056860508154 0.6119678781145661 0.6772465112960102 1.1468991097309367 1.0190865276363132 0.9238222142188769 0.4125749687293616 1.1971845642990588 1.0476536930297986
105 420 0.06237296821037184 1 0 0.5344797621984761 1.1145647525388243 0.5598843499111101 0.44852477153715814 0.6067560178171951 0.6640400402736654 1.1474023605115142 1.0223742106893074 0.9061037162670951 0.4079258367296631 1.174849669793253 1.042914527340982
106 424 0.05937236262860515 1 0 0.5268840727876856 1.1022335582939176 0.5482433739372304 0.46704532098547274 0.6011306784402858 0.6760188921455419 1.1295531026574352 1.0361772942723675 0.859630488917022 0.4012176436296619 1.1817611466357427 1.0271170500645799
107 428 0.05758446232499051 1 0 0.515189437146362 1.0892017225646313 0.5440622004680437 0.4614830128470943 0.5901689550188248 0.686275018201092 1.123066914722795 1.0783667794803975 0.9069502697130829 0.39775474518409176 1.1590496012464824 1.031330569290999
108 432 0.054769458135260074 1 0 0.5037785383188367 1.089903780945566 0.5412678509205626 0.45720383867672876 0.5823300760789493 0.6801101202464405 1.0906911329782905 1.098158390276509 0.8922839307974899 0.39901911043818933 1.150791814255283 1.0500703832763345
109 436 0.053580265261315776 1 0 0.5108094891524749 1.0717967723301942 0.5327015241562747 0.4521253461154942 0.5776237042671682 0.6712227598829494 1.0692618917529515 1.1374638487878401 0.890305198919982 0.4114864039198477 1.1390459776371928 1.0550331587986579
110 440 0.053876029636726816 1 0 0.508398957744617 1.0801201150138884 0.5281459817503198 0.4632890503727271 0.5569998112626519 0.6959617088396866 1.0543283745079484 1.113421536769459 0.8801693568796932 0.42954127654168056 1.1256411037051655 1.0715758689017625
111 444 0.05540312693581293 1 0 0.510900538627256 1.0956729458013 0.5374607761149842 0.45901376869983773 0.5751171652828491 0.7266948085872186 1.0316494716558433 1.2238149178124584 0.869894149897044 0.42523431077453266 1.1300114079499155 1.0717085440987864
112 448 0.056371350005702384 1 0 0.49603545233224977 1.0794407627795126 0.53129214005422 0.4534951557059848 0.5683760908644966 0.7757303666112987 1.055574658019965 1.2591841230433376 0.8354991779505744 0.42538596611665724 1.03921508332568 1.0776365847333012
113 452 0.05632420373562542 1 0 0.49477417700984766 1.0611744593275365 0.5218583740431172 0.4474052403037 0.5686500804736034 0.8138662036035801 1.054830006689725 1.2704939421260992 0.8245540502733063 0.4243749715274087 1.0461270440447197 1.0663687101164248
114 456 0.05829530476757644 1 0 0.5786091390146398 1.05488571833688 0.5108571353297711 0.43989243111214915 0.553939560160968 0.7911074937223992 1.0432243428794197 1.2816377749518417 0.8156644056259748 0.4194717329118318 1.036723856280188 1.0606982942326761
115 460 0.0584998133350872 1 0 0.6110357558071666 1.0348503064813914 0.4996959244125475 0.4476621147606898 0.5575025807483289 0.7843574957703856 1.0042172095611168 1.2492882541407424 0.8145506628591005 0.4291066733542949 1.033004445554927 1.02248360786117
116 464 0.056617088746938674 1 0 0.6380417049559405 1.0219831845039644 0.4945248327282209 0.4432190964836259 0.5372929489202636 0.7762471727573043 0.9987091500968798 1.237943421623802 0.7778610277961688 0.4251374176055784 1.0176855796655424 1.035406501837047
117 468 0.05633147156698595 1 0 0.6103401067604033 1.0176138998750286 0.4859370040338171 0.4360752944664545 0.5796525618280197 0.7670681268763007 0.9794672066000973 1.2203144463318456 0.7808348062068049 0.41352413739809907 1.0119322774551627 1.058644284968264
118 472 0.05367184547202731 1 0 0.6099833566907604 1.0038214703263018 0.4743774319433054 0.4305621355118035 0.5997921822996612 0.7598482822163324 0.9353336531910867 1.2012257460835105 0.772268840794023 0.42061947213696904 0.982532498986542 1.0537797012416878
119 476 0.05163637288046928 1 0 0.5975004124290263 0.9910387934675093 0.47675513599047165 0.4234134860611916 0.6070182164298344 0.7233937361576169 0.9755526610803055 1.19018578295137 0.7548208279698378 0.41720549300014115 0.9783410108839402 1.0365095562380309
120 480 0.04996615234491928 1 0 0.5956823555205559 0.9821744077764686 0.476597038428689 0.41937428029428747 0.5950768411395765 0.7621836919159733 0.9723082296914446 1.172049460479536 0.7506888819787633 0.4185881052395727 0.964326849420643 1.029838485443926
121 484 0.04764435313260408 1 0 0.5920284976937844 0.9797896031720731 0.47653847735984334 0.4148417303460058 0.5936230280247633 0.767911396974955 0.9170736304997078 1.1487788484070918 0.7512525399169407 0.4132409630544551 0.9714416928853916 1.000402066447299
122 488 0.04423148664396422 1 0 0.5752077867679283 0.9653812269437956 0.4722174848449335 0.4096927110337819 0.5793413005762665 0.7547014340318834 0.9546106836960232 1.1399051537524025 0.7465322675279291 0.4034695849425342 0.9752402385985782 1.011627701552114
123 492 0.043545786475308546 1 0 0.5858886572529545 0.9445537673761509 0.47242443342555984 0.40264605541058823 0.5658662850001562 0.7630621447304771 0.9979206856037529 1.1095157959312727 0.7339409333272041 0.4086940466329308 0.9981864110696219 0.9831641141069943
124 496 0.04277276565924148 1 0 0.6104932453130186 0.903047191901487 0.5039511055188646 0.39500759061316004 0.5503453670410632 0.7481486685468156 1.0044152006435205 1.1061457033729447 0.719445637159072 0.3982978069639488 0.9890711438389411 0.982465765857136
125 500 0.04322970354199634 1 0 0.6060614538301912 0.8856011478385468 0.5115794356828584 0.38817603105204257 0.5505500597935591 0.7401313316205358 0.9975812408003963 1.21081396385863 0.7254521931247324 0.40217817271943246 0.9719699285327416 0.9390678516669541
126 504 0.04278058225097069 1 0 0.6250380430063472 0.9110631671758953 0.5283895256783571 0.37938362511105317 0.5424206833679146 0.730132723136505 0.9843047556685042 1.2257678315207152 0.7111792704398002 0.40043140332491756 0.9532754490254504 0.9582057601581963
127 508 0.04216522875663186 1 0 0.6530195481771691 0.9268217361547331 0.5280725572485406 0.37382653000131055 0.5395094932651971 0.7171934330224891 0.9768718373481473 1.2220476839541876 0.7163839765388051 0.3954476778789913 0.9589867974738582 0.9422084595039139
128 512 0.0393579848451565 1 0 0.6685147467232249 0.9093869163269979 0.5195533880744648 0.35829598451775835 0.5283165807767816 0.7184433074241223 0.9470093426541496 1.2114650696178584 0.7126047623988633 0.3873435097091238 0.9443473350216507 0.9316416702054837
129 516 0.03719426959954831 1 0 0.669947735726917 0.9033355136429234 0.5136872074236246 0.3562128095775016 0.5334383042153718 0.7417432561319927 0.9467690096464939 1.2272639262356992 0.705619920735499 0.37817521722820274 0.9438244952065651 0.9226775118650381
130 520 0.03829764175593405 1 0 0.674416641900918 0.8863403951243813 0.5064281254396101 0.379672132033489 0.536724308776865 0.7644049671749324 0.9387471791083071 1.3343548444582916 0.70858884603897 0.37645478118118836 0.9184498593554756 0.9066188137916456
131 524 0.0376701780138836 1 0 0.66208141503574 0.876477533763568 0.49978922548220256 0.39720794378688234 0.5333430044437064 0.7557010767659278 0.9980072876245761 1.336202754492237 0.7026902865624036 0.3693470793927337 0.9225635236574401 0.8949229931013142
132 528 0.03739684647429187 1 0 0.6920674820117758 0.8588602808668664 0.5076465156022666 0.40898173505932867 0.4982742214173709 0.7608056252143145 1.0046657906594219 1.339753410099894 0.6884159085028833 0.3609156393436781 0.9033767601904975 0.8851773315645134
133 532 0.037294653215465615 1 0 0.7137601119496018 0.842733016847687 0.5080355069344055 0.4104368943369684 0.504581728410827 0.7389491934437497 0.9916242637847978 1.324312995220966 0.6723554069760432 0.3691483322627454 0.9089803587823977 0.8584331594942539
134 536 0.038592949401637586 1 0 0.7042726011368091 0.859406017094407 0.5449325066898103 0.40937801651111627 0.5020710535828018 0.7410369709709641 0.9875248340200539 1.3029188899793922 0.6645095454639519 0.3873471486218848 0.9146654833224328 0.8497835533721972
135 540 0.04084115316719405 1 0 0.689729866983248 0.8506174563292502 0.5298668926888963 0.40159407114766765 0.5388599175340724 0.7745658270503288 1.0375022389288255 1.275045925570634 0.6605276357126008 0.41354023912679383 0.9323191647156266 0.8378828149672636
136 544 0.04229166916297954 1 0 0.6971361964161293 0.8312736575121782 0.573215560904817 0.38227214513784064 0.5379380187191578 0.7904449333472033 1.065709539158743 1.2551882984244627 0.6595404479510977 0.42435858018392497 0.9295565663422701 0.8255290729716551
137 548 0.04262725550468676 1 0 0.699853184353839 0.8120765936401214 0.5757329393677769 0.4082798135648052 0.5320302854401316 0.7895116901566613 1.087042768638267 1.2486685081555142 0.6478279465591462 0.4207847300669336 0.8906244672967586 0.8134751116297999
138 552 0.043370075595902835 1 0 0.6733169223826541 0.7995116651360578 0.5884731329055278 0.415925567255497 0.5208629873487512 0.8287381782882175 1.1190573131148522 1.2246862116579542 0.6366565629860911 0.4147431866235528 0.8952092434599993 0.8003639805847312
139 556 0.04477400087088207 1 0 0.6773610068398493 0.8178317024319053 0.5950921024741774 0.4102387040311708 0.525558131576328 0.8729351774192371 1.1250522144762802 1.2310704505122785 0.6220976575611268 0.40676065184342713 0.900781696866209 0.8227629326567517
140 560 0.04397057495939497 1 0 0.6777359626463345 0.8184178020050632 0.5888081011092491 0.4033438390054848 0.5154382922016973 0.8698729457338075 1.118734263782443 1.2040954476979935 0.6179780767532893 0.45693634061720795 0.8725119925967568 0.8226434763948873
141 564 0.0434564487706713 1 0 0.6683120685508148 0.8314977595771588 0.5697941844477731 0.39305978043128337 0.5006297584339602 0.8526511424995814 1.1048077284400757 1.1678957366416944 0.626906831809991 0.4550613724248525 0.9055010582974512 0.8312266601860768
142 568 0.04489772976217514 1 0 0.6550136731269979 0.844050574891915 0.5601540034384996 0.40874124028889763 0.49849693018042673 0.8337320702290837 1.067247029341568 1.288181746999968 0.6328978146698903 0.4554125797626198 0.8773158149469651 0.8462863145230036
143 572 0.04442472711267277 1 0 0.6535278610910222 0.835094995359446 0.5584935251130302 0.4050755088785352 0.49432369442582624 0.8372383537810791 1.0549223047537761 1.2474290443121097 0.6251134421207548 0.44761007902465433 0.9168035367396379 0.8400141976950561
144 576 0.04387050916183989 1 0 0.6485240651941993 0.8236792996620301 0.5527372876659342 0.39886722109631334 0.4840990842778701 0.8341288469031288 1.0391768269827208 1.2716764461755603 0.6147552364535379 0.47144597970055035 0.9800677597505563 0.8239140727750721
145 580 0.043078470513881646 1 0 0.637006090204836 0.7990935844902002 0.5495376501272948 0.39341134958789303 0.4776244428104593 0.8102621012536082 1.01731030019741 1.2649677739661147 0.6144433229826132 0.47939677971898315 1.0600470057726483 0.7795252518138686
146 584 0.04377324902466972 1 0 0.6295514745237714 0.7923336022937785 0.5387525494428391 0.38730807824216856 0.48560495721758323 0.8166945774244365 1.0061347281422324 1.2491271280115264 0.6117526603428551 0.4820360003227261 1.1139008527831504 0.8293876467722516
147 588 0.041653504771954154 1 0 0.6256414580544004 0.785786965625212 0.5382784143542754 0.37962570672347856 0.46561939326248913 0.806724669102865 0.9944364283970404 1.2356893039666954 0.6049623698195526 0.48622348523903747 1.1000113308294086 0.8282827283030237
148 592 0.04199496073879745 1 0 0.6106871212063065 0.8268161306309578 0.5313073606175633 0.37937179933997317 0.48192333423866235 0.7924365432140109 0.9553408770107551 1.218549407877463 0.5955063938127291 0.5172117637715958 1.1408966453084879 0.8150214033982529
149 596 0.04214869750924134 1 0 0.6089852563227649 0.8523784016272246 0.5382578509523952 0.38067430619981263 0.45968573572560284 0.7812350082983545 0.9869354465292374 1.1920037343254803 0.5720793156097167 0.5328829884415653 1.132285396541789 0.8077500436893724
150 600 0.04288658405568939 1 0 0.596156778543581 0.9141059304489844 0.5420381893227441 0.3770857728561231 0.46930059322852524 0.7660830421573279 0.9511986523674352 1.1788045799634421 0.5851777637002161 0.5424660614573936 1.1124338466121422 0.7996488774572886
151 604 0.039554275853259505 1 0 0.5951116214626668 0.9187754118360124 0.5360538613313146 0.36702112124720415 0.4501032058426681 0.7648444584527874 0.9421302413480306 1.1804912239751681 0.5665175163005106 0.5378308882866709 1.1063776811196382 0.7789227384065183
152 608 0.037866373993460906 1 0 0.5878459585223781 0.8965543530745328 0.5241510822776152 0.3750584496177581 0.4870798395684336 0.7508921461063583 0.9361070912796632 1.1602367148005337 0.5733746172320262 0.5330127035440364 1.091161890356305 0.7664883953944533
153 612 0.03569388628937308 1 0 0.5943134299014488 0.900026013589369 0.516604854149763 0.36838738063288673 0.48720641806840287 0.734140630978003 0.9167907201374007 1.199694055397182 0.5772767522936643 0.5246608500484052 1.076268459251726 0.7572067196265604
154 616 0.0347500049043946 1 0 0.5961526518550228 0.8864115133436624 0.524800509825765 0.36070403262525425 0.4929641421182602 0.7453172618293398 0.8990441654662397 1.1857438594708734 0.5822814926630998 0.5246336764970897 1.0672591349828549 0.7524489941229278
155 620 0.03411588842856148 1 0 0.5849586267367105 0.8837827858485564 0.5355881431323052 0.35868674047272936 0.4734934722745813 0.7381044385125796 0.8812557290766103 1.1963420175887982 0.5829050178289034 0.5191044897550869 1.0552235682846698 0.7522799280487329
156 624 0.03128036356933137 1 0 0.5777224312990458 0.8496636018956037 0.5406912699154204 0.35544734435499764 0.47633963870048507 0.7188699163806712 0.8657629016247648 1.1775237740801552 0.5670413648832086 0.5306111780657116 1.0419962796177922 0.7543664212047189
157 628 0.030335673486013494 1 0 0.5754244324179866 0.8989754765184358 0.5245783245730328 0.3635910741589492 0.4791197148745839 0.7197723130212218 0.8548203316836049 1.162163157655436 0.5594723276257318 0.5474265359785956 1.023322533118697 0.7602283218295662
158 632 0.030443150256593887 1 0 0.5632569388886693 0.8811046914313752 0.5420610837336312 0.36649722046042776 0.5429776261344594 0.7122414042819604 0.828852586876126 1.1412382840765443 0.5806929516411781 0.5507750491174341 1.0158081742938396 0.7518933722105461
159 636 0.028546947069206827 1 0 0.5558207144599913 0.8767949488072391 0.5388074401623114 0.35894668062387014 0.5516857343248597 0.6974070995434236 0.8220146506207259 1.1285765879373841 0.5762670132454102 0.541541076471324 0.9901687517293642 0.7318490444839625
160 640 0.02594375106117475 1 0 0.5522757566213363 0.8662819431593156 0.5320135148100693 0.3545368524213048 0.5462382823896929 0.6943721948440256 0.8685644416709074 1.0749627344681951 0.5558395823814287 0.5393513539780049 1.0007805201328852 0.7142040827603745
161 644 0.02398893927971569 1 0 0.5394715015019236 0.8511711289491112 0.5182901705712253 0.3493493359842377 0.5357609050683698 0.6729244883836346 0.871247646182409 1.0898324069448417 0.5632396522377929 0.5324849853564727 0.9996795022141259 0.7257924941284256
162 648 0.02332714982483641 1 0 0.5333024083938986 0.8510367010644946 0.5216508128159599 0.3453587345500577 0.5269874742140446 0.7386175625422287 0.8595765726691035 1.1043242736452523 0.5619437523364007 0.5185600891858526 0.9784099127361436 0.730673478206149
163 652 0.024032250389758158 1 0 0.5159944858383382 0.8512847421762045 0.5108874859949689 0.3280879544833572 0.5254269869286485 0.8208288401126981 0.8509299521497572 1.114012925901835 0.574265804130517 0.5088179162653829 0.9555819350102033 0.7363598132470962
164 656 0.025600267499933826 1 0 0.5288040091165027 0.838741345972718 0.5085932996840261 0.3323678035088562 0.5325048379409093 0.9262021857695839 0.8505664831206154 1.0741368976181196 0.571673302922171 0.49995980708654675 0.9536501161326658 0.7560504575801825
165 660 0.02710297027415926 1 0 0.5173064521687714 0.8367196159547853 0.50311001158137 0.33194937091129073 0.5311331453036642 0.9338206649420088 0.8840285365979672 1.1399242021858977 0.5560725266448335 0.5004901511636023 1.0065275757530063 0.7533502279941534
166 664 0.027343303914297592 1 0 0.529360360030467 0.8230911122508596 0.49460098383243534 0.3324320683995079 0.5149903814162873 0.9219838928447561 0.8811226526115096 1.157307507665618 0.5522458141732847 0.490712882459887 1.0458027168127126 0.7578547135378314
167 668 0.025222665234199835 1 0 0.5233395237771709 0.8069119176389189 0.48800979204327705 0.3279758226562623 0.4994700549228831 0.9033810195409617 0.872974899638909 1.143226436558289 0.5390221480162093 0.4723850523527159 1.068879373328297 0.7465515382991388
168 672 0.023386164100438762 1 0 0.5142070971402497 0.7892587314265661 0.47932196880036093 0.3248840193107977 0.5102407431313608 0.898188120424099 0.8621250842815561 1.1332051239174394 0.5404897579104254 0.4812557738357918 1.0291875610644539 0.737102158725247
169 676 0.023105632538540512 1 0 0.5002999734223521 0.7970029994838936 0.4772732650132381 0.32057198113557034 0.5237119911807654 0.8808817987266189 0.8519769281079999 1.1272162580343574 0.5365337307232322 0.4606703354063127 1.1836444799014365 0.727047303192634
170 680 0.022801313136652467 1 0 0.49472367452296523 0.8049870910602945 0.4610026926940743 0.3151310493247023 0.5479789945382855 0.8652435876162217 0.8441963124303113 1.1074403449826065 0.5164038744788789 0.4488114865279523 1.2330700342717493 0.7155362574433578
171 684 0.02275118715553122 1 0 0.48501991961164614 0.8003767107417894 0.46006106766547883 0.3112750399590901 0.5555123924481878 0.8639560833971481 0.8213397385089394 1.0475720812160711 0.5399723480873788 0.44910095877733286 1.2152612554436657 0.7093460697405662
172 688 0.021849657148779556 1 0 0.4617122268636365 0.7868541160409863 0.452198556252701 0.30543546232701546 0.5488135454362209 0.8816731686451789 0.8116109502569946 1.0453829896985742 0.5543760863367724 0.42095870092804544 1.1983491207729147 0.7089202979523809
173 692 0.021805478306087075 1 0 0.4746709392020316 0.7024207143910892 0.44604260297175796 0.3021333161344206 0.5939779689759054 0.8504636683096318 0.7986340304794959 1.0540111007114799 0.550446515828388 0.4356214877883378 1.1821124511880647 0.7062584715253571
174 696 0.02188574540423585 1 0 0.4664521157091871 0.7613951381275634 0.43856405711260693 0.2970600561172655 0.618079837433673 0.8863213668843245 0.7719918419266076 1.0266468321812605 0.5405700009347886 0.43019415925618576 1.145591142799419 0.697058168800675
175 700 0.022672524535853524 1 0 0.4589764384786143 0.7442141590873077 0.44403315251011616 0.2982938119968494 0.6785198683821854 0.8988321450863438 0.7516852680488699 1.062238445071971 0.5422680967798544 0.4230946482256737 1.130011428475828 0.7223881415104673
176 704 0.02367717344151137 1 0 0.4604826091634093 0.748902226471588 0.4394334644743311 0.29865246805106826 0.6733448269577393 0.9270596377866062 0.7328146076115957 1.1069516550025116 0.5283572290692692 0.43118729576833387 1.1321165785088612 0.7159422588881345
177 708 0.023928843768971867 1 0 0.44542067253945633 0.7510162040960234 0.4311786016055117 0.3004918477623335 0.6575832003942582 0.915209390508613 0.8428617894799653 1.1038984407661874 0.5319046427148268 0.42472827544283115 1.1180134700170086 0.7129057814100628
178 712 0.02439742423876093 1 0 0.46516882852256075 0.6950572783553706 0.429923303395338 0.29690847564761946 0.6453706290777484 0.9129449844786787 0.8829673266833068 1.0910839723776298 0.5251441485980892 0.439184849897171 1.1169243835851272 0.7112471352305973
179 716 0.024409623015062474 1 0 0.47144952962226505 0.7206201163629019 0.4247330706083393 0.287597893725217 0.6489620905024497 0.9096066601399789 0.9221384579934762 1.0738608602032775 0.5143462466393175 0.43644893699767423 1.1219221165331694 0.7064829489534002
180 720 0.02483233768017945 1 0 0.46587386407977605 0.7755817372067644 0.41904771394682766 0.2962394748579017 0.6494907971822298 0.8984663071311207 0.9128227103484313 1.0562969710726988 0.5152942768066854 0.43461057682517096 1.1415433360038267 0.699059019768156
181 724 0.025173796042518837 1 0 0.4602961434770187 0.7794167785812897 0.4127247505560437 0.29697044281978063 0.66825552035078 0.8880513926237027 0.9320512046395791 1.0596261962418512 0.5092986378070171 0.4319822471757547 1.1736578314232107 0.6836348115713902
182 728 0.025952282981028692 1 0 0.4569185737623853 0.7466682717962345 0.411106916383502 0.2900612478749089 0.660615140870541 0.8851789290376493 0.8795200390782356 1.1176782102551395 0.5570733240673477 0.4155168281297722 1.2440944121015038 0.68102113511541
183 732 0.025459856252701144 1 0 0.4520017630134421 0.7415357823570292 0.40555150672405954 0.2896718941723613 0.6444170698355228 0.8758498486205812 0.8921226122609063 1.1182899554391519 0.5635987184061876 0.40845888226914123 1.2534117253652801 0.6695202409019326
184 736 0.025055219295077997 1 0 0.44571008112326316 0.729712707812955 0.39859675049329474 0.28409985823604167 0.6493779853014648 0.8662768359681131 0.9038285291098282 1.18025371660209 0.5566952800927875 0.4040605469039112 1.2338426151552777 0.6783548606569267
185 740 0.023115531682498965 1 0 0.43818223447218096 0.7227899253848454 0.3965950471366793 0.2803662245491755 0.6420684559688907 0.8478410906137812 0.9005913586888515 1.1817064853126509 0.5480739781324832 0.39860764406708454 1.213402693674905 0.6692837916055425
186 744 0.020765387453617508 1 0 0.43461470544632097 0.6970156160786635 0.3901054448085397 0.2721113786675554 0.6324117045992891 0.8501974886615943 0.9019307321013651 1.157596372204582 0.5400484967701622 0.39494196480490884 1.1836344893919906 0.6570238254496257
187 748 0.020365271684894534 1 0 0.42899133374425996 0.7446066860317323 0.38208350609070985 0.28700521645022825 0.6269604351962531 0.8368017439691429 0.8967354372030318 1.158768749003235 0.5257916961434509 0.3817744384421777 1.1796813293827086 0.6573980631094806
188 752 0.02055161015378994 1 0 0.42002444307046627 0.7365603782830604 0.38270852593181054 0.2972792108887794 0.6198732239811247 0.8027947073250042 0.886902960621452 1.2150757382765995 0.5397316669625138 0.40480269845651784 1.169149075234141 0.5988937110189553
189 756 0.02045669929679272 1 0 0.4123270027769465 0.7287138291893895 0.37991602762750737 0.30435980682103414 0.6110567058263767 0.7911763089281282 0.9094867046834171 1.210993936274816 0.5348260627732341 0.43500047066693215 1.1535626106275305 0.5933456703145734
190 760 0.02033138767696728 1 0 0.40942666154989626 0.7113678329409758 0.35825434749851226 0.30655034633366995 0.604612305972626 0.7787901540281071 1.0082303376366972 1.1815985260381736 0.524548837497114 0.43435051473756475 1.1392275955000488 0.5741978493768645
191 764 0.020466246278956362 1 0 0.3987029124356022 0.7148410681277678 0.38573601826888476 0.3032231036826307 0.5938622691235396 0.7710491448630221 1.007085349199269 1.2067484880039125 0.5179702410809036 0.4401985098414501 1.1248628158047538 0.61213907748471
192 768 0.02035530020937396 1 0 0.40053146043547794 0.6900514240257708 0.3926870870282499 0.29996387782987083 0.5828042281954194 0.7610430961687593 0.9872027106963995 1.2061624619245395 0.5098059856228904 0.43549102523060185 1.098601760863554 0.6523787857205916
193 772 0.01900131834746272 1 0 0.39903489251789265 0.6880461099690733 0.3939358644439174 0.2878079556051621 0.5556941123829484 0.746368998058413 0.9849977661074611 1.2047566349276613 0.4969633443016112 0.42565566234712005 1.087251773919957 0.6443501440621466
194 776 0.018117991617747062 1 0 0.3747449407123949 0.677035634556547 0.38743957225129544 0.2926307069139465 0.5753081901521726 0.7406613559161055 0.9562852886070125 1.1898971352653622 0.4852058378621104 0.42123269645461153 1.0520557523243987 0.6434883258082142
195 780 0.01688835697869766 1 0 0.397995936733589 0.6514725964126228 0.3777422533312766 0.28736534428322735 0.56978208102043 0.7203509819563256 0.9389832133233202 1.1614646777164772 0.4806360403400199 0.4118629809285423 1.0576227685553852 0.6357089534832352
196 784 0.015663293706041675 1 0 0.39139687133688617 0.6444029780372392 0.3705889875318854 0.29220595935509347 0.5659114265569053 0.7248837694494373 0.9245234703223536 1.1580652648763192 0.47462655193559616 0.4130691397674674 1.0457307452366824 0.6283735067545327
197 788 0.015116845545418237 1 0 0.38492970454852116 0.6358819843678866 0.38991309942556895 0.290943839691009 0.5548981015213386 0.7134839119748261 0.9781737905551999 1.1440918503044168 0.4753814719662789 0.4162665078970564 1.0237900496830572 0.5960655906150718
198 792 0.014306546369958912 1 0 0.3880839319738771 0.5930451759762496 0.38580132533604566 0.29076781966324805 0.5604392873848977 0.7088083372682441 0.9658970024360225 1.118823709595074 0.46839407725752497 0.4323137719347159 1.0147941222634276 0.5874201963462752
199 796 0.014443433754538142 1 0 0.37843730447957424 0.671482939043123 0.4078850385350772 0.2924562091128973 0.5701725635876723 0.6834292069051661 0.9594605555955683 1.1398827141779881 0.46018374573464454 0.4276758659163935 0.9951551806892722 0.5762618551164802
200 800 0.015204029767756377 1 0 0.381447751282606 0.7107815062507896 0.4710996578494853 0.2926519938602527 0.5696381802836308 0.707314334079488 0.9442170734508613 1.1395885283918783 0.45339397031443357 0.4195736614002998 0.9815940758959427 0.5746224294408769
