% # columns="iteration, evaluation, void, void, void, xmean", seed=1752487760, Mon Jul 14 03:09:45 2025, <python>{}</python> # scaling_of_variables: 1, typical_x: 0
1 4 0 0 0 0.33828887391093265 -0.03195033214362962 0.2303348601863644 -0.6164522533830683 0.5658750983871982 -0.12430059361892273 0.5963273833220698 -0.042310897147670445 -0.9756423733176329 0.29821504127187326 0.4565175487142259 -0.21176199817733415 -1.0721074185907893 0.46382822819852987 -0.8421241549179799 0.12076212415401483 0.2659261818207855 -0.16941780475809928 0.4352474621722562 0.17405788350954776 0.2258029953220827 0.1608797917160866
2 8 0 0 0 0.33060588965382287 0.23896011266789086 0.41802653746176444 -0.700344919424942 0.8796823360322222 0.17970005121537871 0.7344821137092977 -0.003660697797112214 -0.6678399341406777 0.23978145955775187 0.047988035211656954 -0.3272604876256841 -1.3396803472864987 1.0183067267709607 -0.5591713396426458 0.14800861131007226 0.2484356004175236 0.17239874850343476 0.45566287450685355 0.35249306014761 -0.06329733324020148 0.010117839427286696
3 12 0 0 0 0.5386336373160329 0.138802301638671 0.6582570648278124 -1.116862772302833 0.9087892639168801 0.35453507441062415 0.4386466614447516 0.0730633130910888 -0.46156824603621266 0.03564174325574462 0.5057031521010376 0.15303075081540307 -1.176289996003 1.32003895611768 -0.5037730609279681 -0.19396532485124218 0.23434340857897773 0.05195009449165536 0.7151255002083532 0.331989542530958 0.22412718793665898 -0.42712915552877406
4 16 0 0 0 1.0972724964400524 0.41760498577067107 1.0319628696859853 -1.6272046596820906 1.0275063173204615 0.7787605401363612 0.5094026612020419 0.16901639972660892 -0.9787940032194944 0.36075436035878927 0.7365341149384823 0.20322662839974642 -1.1520187352681124 1.2981209654731725 -0.763513653818487 -0.0041270947295087845 -0.4719446445250648 -0.2397601260107793 1.221559685663057 1.0377895023204822 0.17399978309180983 0.14481133159580628
5 20 0 0 0 1.606179074813313 0.28567064163586275 1.1029828427397959 -1.4491680441632533 1.3115920068511926 0.9783180830632126 0.0874045318379707 -0.9694510882637177 -0.5835196573798562 0.7833614662739232 0.4523053335230364 0.7966628385682042 -0.9295765261108361 1.5773645805549208 -0.4436850504992234 0.32065919826676037 0.18891661477144228 -0.3111946961330114 1.4310425185974163 1.6169360527849646 0.3292917730660969 -0.004049423395065421
6 24 0 0 0 1.9434343484385654 0.6289358371664628 1.67504791953161 -1.5569089993879879 1.1509223951370946 1.5643982461604344 0.16872718183323276 -0.9005561160216107 -0.7494125057605061 0.6618449487653681 0.6009200703096899 1.1242725260905804 -0.9007904316685406 1.5749292299301514 -0.35961856104710854 0.25903797099442 0.29695968063939177 -0.653100047286163 1.3322002697940059 1.399134258396602 0.02008328105297763 -0.11691053973219406
7 28 0 0 0 2.3997048095339113 0.9101373544451412 1.587310546918629 -1.6492837776201181 1.758764060447181 1.9543545665403441 -0.19825648692726183 -0.6447782487363402 -1.2812873175516857 0.7662001607462219 1.2183690961844118 1.2334342322187566 -1.102437238165543 1.988337421141209 -0.6663135347208308 0.5702596922599533 -0.15835966345969216 -0.8897538209911978 1.4480631081316693 1.1878830864649166 0.006953192830136998 -0.16288852243653273
8 32 0 0 0 2.669782634006382 0.7597734946639464 2.0051072770591993 -1.7494971409824447 1.8343942107023423 1.4805311350251695 -0.16972195624858377 -0.9653458627458285 -0.5159420288746628 0.7238666350675056 1.7703220275240437 0.9124009438512366 -0.7792501726870547 1.93767216015374 -1.2851599671338654 0.5452285403106779 -0.3701858148786269 -1.1998229950727213 1.7258784601772277 1.8929934354592413 0.2617534967652522 0.2822310447985594
9 36 0 0 0 2.74623045348704 0.570731519189138 2.2872546601868353 -1.8891170028262687 2.1733707298303306 1.7285606469117 0.013720258512192718 -1.083272340708311 -1.3993314853079655 1.4057128353606454 2.088474384226882 1.0135534748528259 -0.603109486595919 1.5404206156301983 -1.2911956290926438 0.45625041226065965 -0.3315117872401585 -0.9654321928394887 1.3114789700550933 2.1917902488797387 0.7079493135811066 0.2035153722366585
10 40 0 0 0 2.2979660966763067 0.8107527485102726 2.0997380779369976 -2.1839667395174787 2.5072279655751775 2.007412544678139 0.3212881623546495 -0.7160047777539973 -1.6238784768886025 1.6194526559235363 2.032958058085678 0.2261381203070174 -0.5169620369756792 1.617444777360582 -1.6141244379213835 0.24801209748448155 -0.3096690845384211 -0.5920356695415138 1.4165587329352913 1.9808546747773343 0.8302347005827393 0.16783411828855047
11 44 0 0 0 0.9534014496661476 0.8175713503568396 1.8214108663336956 -2.0500518098256575 2.9447469773615813 2.0734795096111713 0.22817308486205484 -0.6375806624955092 -2.040928462364092 1.9493172133896695 2.63964718120574 -0.13503815015329146 -0.5967441007453265 2.0860638967756695 -1.7907738643818567 0.20292577547801874 -0.16667085109580457 -0.862429379599708 1.4927351040481665 2.036421708517558 0.6843696981200462 0.32899478471935933
12 48 0 0 0 1.1878414898223213 0.12612516443589727 1.130137874213299 -1.7487034113967805 2.4418269863791573 2.8896777916840564 0.05389505653449983 -1.0376941995162046 -2.296968815191915 2.0695431966593736 2.2911752676791712 -0.573950478030728 -0.8811154840435352 2.6969209669027627 -1.26885819632133 0.31119691689873413 -0.2420836204517248 -0.9990609677092556 1.5188237440826642 1.8556972430010705 0.7305602767803905 -0.3758527367275946
13 52 0 0 0 1.651142337012532 -0.3876318544363502 1.092552124061204 -1.735680621724771 3.4897166634075 3.105212951189966 -0.25151471983233664 -0.801011075599932 -2.642255834313135 1.6481981570805608 1.711486970646195 -1.0668371610035268 -1.1072941083946009 2.513212064871638 -1.1394694162252013 0.26396092751068323 -0.5348604866220827 -1.4338345165086985 1.7034238558345125 1.0450383991052457 0.7988815999452358 0.39476243629545954
14 56 0 0 0 1.9040977108293937 -0.6206920303866649 0.682825541585877 -2.0577950847247806 2.7257957596074913 3.5063921322084037 0.2180397692606495 -0.8989473271078119 -2.238316463845321 1.623996541110746 1.2401054101905156 -1.0078295293672972 -0.9893445542252411 2.817843529841391 -1.1843191162682187 0.4173003823340828 -0.5314310855142157 -1.4107274254206312 1.3177974816495022 1.0858915604092785 1.886010172230503 0.5117160583279154
15 60 0 0 0 1.9590368579351651 -0.7413883366048462 0.9670641108770575 -1.8019434726684351 1.5862402186330895 3.3412343221627565 0.22982374899713637 -1.6904349905761669 -2.769708230473704 1.3295605845356335 0.5990492404980088 -0.4932109441139376 -0.45886428356833886 3.0936368366662315 -1.485560657741515 0.668931952921184 -0.9465199230379271 -1.136975745292043 1.7586969418235447 0.5202964485260493 2.106418618959773 0.6929070163055095
16 64 0 0 0 2.194635168672683 -0.017076378322976926 0.48588042889779537 -2.274611969303522 1.4524963764745014 3.22822473532209 0.14239292236358586 -1.4600975638826306 -2.568926366484285 1.1449122442335953 0.5795920434971573 -0.6439622641322696 -0.9486634312972548 4.012314299510171 -1.5488685063703225 0.5425351980946661 -0.8148660375158423 -1.1131292409134688 1.9159103857186612 1.0176933068813634 2.2520174040884062 0.641154941124481
17 68 0 0 0 2.3915485908688905 -0.2935192258770452 0.8855068727689626 -2.2336713382584974 2.3796512127662455 2.6782889976243243 0.5668078140908176 -1.647360515618394 -2.3149352585368916 0.8695677631211995 0.456766340887164 -0.8328054076976966 -1.1409102359738486 3.6714181242410033 -2.083088290610919 0.07850271389572405 -0.2581582529682047 -0.8495308119609253 1.3871729495546876 1.1833231941428095 2.453316550399972 0.22606882112552723
18 72 0 0 0 2.1391207400472814 -0.45657007601217736 1.0058310741582386 -2.3254842155941695 3.1851228377917398 3.4944104558160296 0.43432527431383894 -1.3866272768300967 -2.313228932288699 0.8951668039209665 0.5222690236667995 0.02024596054763783 -1.2586222339158593 4.163062205391147 -1.4397396845584622 -0.41918968556106434 -0.5249613937896872 -1.3297089543556933 1.0673382252543282 1.1675044291972112 2.334686310641422 0.959320547136356
19 76 0 0 0 1.5749124405723205 -0.743385761496363 0.8934430186923664 -1.6985407122178797 3.1540205655245166 4.193507930071414 -0.4455322130799556 -0.963556495691269 -2.520408566063241 0.9233535457159207 0.21263560123818304 -0.17079994809611956 -1.5011199609944148 3.652530107722146 -1.9370211719384822 -0.35277077102241783 -0.8550200981714835 -1.8074086966169034 1.801002537492151 0.6878054310764401 1.9150260453260222 0.8738852316247252
20 80 0 0 0 1.0068190727899824 -1.2845209374010398 0.4270519406450345 -1.7239973884293307 3.335950636771074 4.314752272376245 -0.8224098980243115 -0.6274356266561262 -2.888796175820051 1.549551500709075 0.49826463073632715 -0.3223640590703259 -1.071738242616561 3.1760370630028607 -2.132082215659606 0.24991715451830776 -0.9986230458572087 -2.163721731454649 1.9013771216529536 0.7595938918454719 2.024972613040286 0.8115808998382484
21 84 0 0 0 0.5004442098817157 -1.576015560478601 0.015685328569958967 -1.3557244206356547 3.4189667376066453 5.1446566859163685 -1.0217724035966098 -1.1116491948150355 -2.885559363742579 1.391607094405051 0.03789348646266649 -0.2682570342475135 -0.4963574373317924 3.813154094637877 -2.3294298858529734 0.15015331201268767 -0.4215893625825047 -2.5893427732086063 1.6220622484858211 0.6397170593077216 1.590138970593717 1.0149361356009705
22 88 0 0 0 1.2067739088404634 -1.6035269032210504 -0.141333628133561 -1.2906889509011 3.350544570867876 5.084869674526438 -1.501077338666234 -1.094646761235899 -2.8358062409632607 1.1647393042912555 -0.40458780608559913 -0.38063534985569203 -0.7732436319370738 4.089913327516936 -2.020953757812335 0.18631448453641997 -0.6593586087291624 -2.6070326103142203 1.827787121972642 0.6514196178843455 1.3440807372690695 0.2842472443984283
23 92 0 0 0 0.6862213722246799 -1.4374463346589756 -0.48775144010874083 -1.0869663695190788 3.246561978901264 4.665321300321595 -1.6803357611729808 -1.261052500546101 -3.3786200659017434 1.198686062393963 -0.30836305097392686 -0.8468463960114391 -0.5454010460419287 4.007790729507738 -1.9085299523459305 0.28968476387272535 -1.0111495387115494 -2.4944817608063743 2.2275928353013494 0.6798278104330719 1.2131452638884115 0.1619706967917063
24 96 0 0 0 1.0530454835109 -0.8875527978050922 -0.6282956730802933 -1.0117793767935068 3.160544249933874 4.5990274656685575 -1.1373420238551186 -1.4056640518180668 -3.21678165313737 1.0405272566544417 -0.784080023878985 -1.6392305188656273 -0.5907174579562661 3.6371206293116716 -2.1925240408669815 0.08060809818243686 -0.9857452653393003 -2.623336245779704 2.2936039480719006 -0.5156084139688133 1.3788543516159093 -0.011625685176270467
25 100 0 0 0 0.2824005832965417 -1.2070149098941192 -0.9140706857147093 -1.4185078415984111 3.6036313295172713 3.8519504335198547 -1.0477285135919425 -1.3921153680502591 -3.366666955478486 0.8404686774612775 -0.6739277524744081 -1.6160330161599445 -0.46315267818414263 4.407379447048258 -1.9305574749359786 -0.16075343026378003 -1.0279202755336134 -2.769058273416823 2.4667590608825156 -0.8796838283118402 1.2010009989411716 -0.3238783300520188
26 104 0 0 0 -0.6824233956676176 -1.1193796457556566 -1.9534121802270983 -1.2967023345926398 3.0392025262294466 3.958395300328268 -0.637470659071394 -1.3439995148893005 -3.4526938584160063 0.9376156994273315 -0.5540701975268405 -0.4315034151560484 -0.8667932167116108 4.081195311982578 -2.423729360541115 -0.3997963613141027 -1.3619004273348658 -2.866787911247425 2.8296749748678005 -0.3424075769945958 0.7596524320724947 -0.2991131771228048
27 108 0 0 0 -0.9858941166171067 -1.358683110341703 -1.7267240103050172 -1.5840600586394373 3.1014893538597565 3.6293066233358546 -1.47926394451135 -1.8440741209916205 -3.23028783601588 0.8602913852764291 -0.1524782411231182 -1.073266135894334 -1.0276104480308645 3.5807029636715137 -2.452580442632544 -0.2831460009132573 -1.5600981195762036 -2.7623344486951744 3.3208379344208696 -0.0684195496564573 0.2625563959478022 -0.17269228796689182
28 112 0 0 0 -0.6049668989292114 -1.8390584674960462 -1.1749321670000308 -1.8027649547371531 2.8392419263914506 3.8950572735578444 -1.1365533590388706 -1.8821622796223956 -3.448805337419209 1.0154692669648693 0.249984031961846 -0.030588180347058902 -1.3199187126491196 3.3026912901148675 -1.8738914130489746 -0.5840885654340783 -1.3251114039178105 -2.7478497360207 3.0123721235607914 0.4179891601048031 0.2898253995113951 -0.4814910388487086
29 116 0 0 0 -0.2174005455885611 -2.1089003330015044 -1.62684096097847 -1.875697782795136 2.708848896796678 3.826671184116785 -0.8893102603096801 -1.48356793394281 -2.865555306937711 1.4716124096826757 0.8683845705467703 -0.3939859441409745 -1.5649007513375008 2.437815094771814 -1.4379443486882997 -0.5038539963660145 -1.8673127430479664 -3.3336698381933516 2.781282358935102 0.28269990655084587 0.011764640433744367 -0.17098284489719073
30 120 0 0 0 -0.5134352147870959 -2.179929158814647 -0.8536404872934363 -1.9281472037813623 2.6006150560153234 4.134140517579384 -0.7246394381002172 -2.2933401334126384 -2.887090616731571 1.6466463038074408 1.2022813448338336 -0.19385221532702435 -1.6643246313720317 2.8015630334407424 -1.2130611677310437 -0.4344869436475465 -2.044638806035505 -3.2807914400126523 2.6673313877988303 0.3121239026480178 -0.6976531299293316 -0.36834824057492166
31 124 0 0 0 -0.5675444902968501 -2.1944859873808986 0.3228565208435795 -2.3913261658126133 2.598943081846987 3.8304196464825147 -0.2678168430173818 -2.6185514298119767 -2.263348132156045 1.8763758550611072 1.026655182362474 0.122356562771609 -1.570681806888474 2.7775122838968533 -1.51563755924957 -0.5886594646255499 -1.974652049613355 -3.4157563428519673 2.757621438723603 0.7091346585666662 -1.3443306906776036 -0.667244436799783
32 128 0 0 0 -0.3007180212582458 -2.3416957565303624 -0.22879443654058418 -2.3152387084365653 2.5348485929963007 4.7682856662714626 0.3840559388615447 -2.0952797678933033 -2.072763842588944 1.5906951590552527 1.7862033958332153 -0.1353387151933837 -1.6243955439744435 2.875008370670825 -1.4527458111510763 -0.3236852077569632 -1.5703474384511296 -3.218462704619029 3.105679263832587 1.0294138100909227 -1.5530414164070776 -1.1753206391326265
33 132 0 0 0 -0.3527950209805192 -2.4828888978537833 0.6027612810388755 -2.5211774286312916 2.3622000433369257 4.51998306223453 0.10602045742562954 -2.2292559299711865 -1.5815988654851147 1.827403190992642 1.9600636393541637 -0.2650674431040184 -1.3955904457453643 2.700981143647886 -1.5174056881295188 -0.2577247757574159 -1.1570180124112643 -3.3321991052875033 2.8804618445112045 1.158782970627438 -2.012445543228278 -0.9002246123285454
34 136 0 0 0 -0.35817683738742856 -2.430930365480502 0.9469870168475147 -3.074030136857627 2.5326391941788167 3.433898499700892 -0.28585858898968614 -1.328815935441826 -0.7747609496386135 1.7612969944396613 1.8776035780222067 -0.20876955415004253 -0.9635734415882911 3.274868028849932 -1.7094535994389646 -0.2659172181235545 -1.1324535200981403 -3.171114193569616 3.269965278917496 1.3543352895359975 -2.8031268871162953 -1.4206498833324397
35 140 0 0 0 -0.05021718516954854 -2.0601191121941675 0.9750506521749439 -3.38274521377589 2.106547130326997 3.414921029417357 0.09709911540542943 -1.3092185785773949 -0.5282429950794924 1.3209498379499933 1.6768390632660874 0.06850420668595594 -0.8492125711762796 3.715865096183593 -1.79795220541847 0.10062203340644033 -1.2708738909596857 -3.240159200914007 2.8922058484039033 2.0883807346319743 -3.229832415817603 -1.5389932686644554
36 144 0 0 0 0.5493502328289405 -1.9626443313454063 -0.3992064296318182 -3.876995557606824 2.877125882286457 3.782434688214578 -0.14158509504380576 -1.388441470300704 0.1340983386881337 1.5576590391017129 1.4075417319863341 0.12701606777730645 -1.5180763416897813 4.78426254985661 -1.7737142487965565 -0.3359053495687256 -0.9110839687889363 -3.2024424068893333 3.117143297090863 3.0579259558254983 -2.587912720865214 -1.224539411214909
37 148 0 0 0 1.2779524769359993 -1.9398539888626596 -0.8092037841362215 -4.765375854580505 3.0331005804939952 3.627876829699183 0.2974143561023357 -1.6179615620555032 0.3091786016011798 0.8265697886224326 0.7774755003964207 0.4476138103440761 -2.3640444719164577 4.477348709642052 -1.925036812505545 -0.4611288692292728 -0.44617340608249056 -3.3470912900215035 3.0573551569852553 2.8835212038888702 -3.072724536835208 -1.1261727065468452
38 152 0 0 0 1.1382251399106345 -2.1557707806454394 -0.5370188116000073 -5.248164796666403 3.028694391208411 4.294931521455391 0.6553399488803695 -1.2360442520562496 0.11511126540181132 1.4185721452490774 0.6239438212163186 1.2612789381767875 -2.3591171177406536 3.9165947273153376 -2.023630269918364 0.06384509996878468 -0.22531249642386814 -3.821276627375151 2.7366838096484276 2.9064186457289916 -3.9762626228580475 -1.0486840570909362
39 156 0 0 0 0.7676898599531745 -2.445833365153698 -0.405403190961826 -4.744665723862546 2.898459310512559 4.463042803456845 0.8515154999517708 -1.1932858683575673 -0.14034716002160635 1.7241850345026641 0.3561418254436177 1.3034713353079879 -2.0365035042778854 3.67357589330397 -2.307404135914158 0.2516959877317343 -0.6452418436782705 -4.093964106316468 2.4634830364355045 3.7450339288586423 -3.7981746921713264 -0.9661690177585233
40 160 0 0 0 -0.19262419580224865 -2.4637791437281695 -0.4365074424849953 -4.837353124499274 2.3363022848731285 4.253900374593375 0.7586808822843016 -2.092727721965828 -0.047452034238615715 1.1903383846310622 0.19395836976918954 0.6271822371447302 -2.451192239278997 2.87801447784757 -1.5398693440195412 -0.32850530052906113 -0.668063976670999 -3.840251777869686 2.4795356412268195 3.550648056821754 -4.240692740142462 -1.1907483599417876
41 164 0 0 0 0.24074965025698514 -2.5276798216191025 -1.1893942779430133 -4.928186040635169 1.94704257758084 4.450858247977117 1.2612640335068865 -2.4957901781176806 -0.5098852067487534 0.9225213391313466 -0.14598131721608923 1.538908188395154 -2.096325174975428 3.051986407120019 -1.2138762812821065 -0.39537393482781324 -0.9934699980075415 -3.3241611339737327 1.9725112504970954 4.480694705229338 -3.763724258535047 -1.5904359109634572
42 168 0 0 0 0.700734182098856 -2.382539820851569 -0.2719918538820765 -3.8291297955011387 2.1274900057475374 4.078618913967363 1.8282329882411623 -2.479114480867827 -0.4617816833566806 1.331459604194283 -0.7278907642184385 1.727022830465555 -2.954553897376363 2.6898045869019374 -1.4748725953108626 -0.4260621821308402 -0.47992631694009347 -3.8341123131147854 1.819827080832604 5.328067162290961 -3.6132205252656053 -1.926783858506528
43 172 0 0 0 0.452874204544215 -1.9704842100773088 -0.3798487095953623 -4.102593232629263 1.9715433350959684 4.514431311048604 1.168150413313699 -3.4996324669019265 -0.7556392285258323 1.0528336585180436 -0.8589455350983323 1.974953263782858 -3.225869988491099 2.5654169805198324 -1.977887527402654 -0.532983862116322 -0.5481050180576001 -4.0584846980298535 2.398379772933512 5.267862315124519 -2.3565639176305546 -1.6669440455871891
44 176 0 0 0 0.3112096702229968 -2.1655215306175455 -0.7380403830872806 -3.8871160386379606 0.8048212660566398 4.625073263827128 0.7489650272611297 -4.014627261333001 -0.8886509105983258 0.7541362126405581 -1.6487424232476149 2.3792824541795916 -3.590714929615981 3.504454191438176 -2.5589382487621846 -0.25241553093077596 -0.07614538827938444 -3.804521366013228 1.8559957643014684 5.435796432678318 -1.8106844835114493 -1.782740846771089
45 180 0 0 0 0.0955853777738982 -2.1193950189338517 -0.3132636276557505 -4.609374952413826 0.9857962973118898 4.882007746877937 0.33494588049727986 -4.7551159150002755 -1.114252393428719 1.1253035349807607 -1.807703523409927 1.864962372267525 -3.6309448984606654 3.8435469598308956 -2.583733872486799 -0.8017066137976285 0.35456911663614216 -4.49536591696602 1.7958323242521679 4.290671421265927 -1.618997953911442 -0.7198599354865789
46 184 0 0 0 0.813602369343811 -1.5656328001128006 -0.6847865563539587 -5.12798869876951 1.2414114664053086 4.358318570068853 1.1489190055870626 -4.233932818424753 -1.3102302111270994 0.24867784224508838 -2.2879849353634962 1.7951518897787953 -3.3272133176990355 3.4843526084349064 -2.982348237309935 -0.6096951716505524 0.5573918166791985 -4.720866421024945 2.622213350228226 4.085619526710358 -1.9278136065605893 -0.220377157503444
47 188 0 0 0 1.1846071854128972 -1.9814640159182408 -0.8778263649995499 -5.007452627455611 0.5702470065382674 4.538701190849624 1.9360798787273616 -4.167839196949759 -0.9741010294488126 0.15071445099148364 -2.3413182992801946 1.731331091670563 -3.3669273565882394 3.196408429689799 -2.909921705983259 -0.6434133701863799 0.06876481027680792 -4.791734147844771 2.6949285714801783 4.720888032584354 -1.840992559826105 0.03349613494987269
48 192 0 0 0 1.9568253996336655 -1.898542618547613 -1.5584565506260597 -4.6544816731197365 1.6083913103113365 4.086399329751917 2.383406077046711 -3.998990631760185 -0.7672797217523609 0.039940910295141976 -2.2548854666012437 1.4267626007673304 -3.4425652138680802 3.1366589496318396 -2.3492226196886676 -1.0307990082244662 0.47823391055022446 -4.783891726573548 3.316103204600998 4.989916539502723 -2.885152695503863 -0.0861634892008126
49 196 0 0 0 1.3297036563628004 -1.8260415166862378 -2.114060682351089 -4.404588624077034 1.634922439526962 4.558102769153497 2.290298091986232 -3.213702624911573 0.0715115089577395 -0.005536102732068338 -3.3424501986655852 1.9124611514321903 -3.069011798984084 3.106851760483113 -1.9191528968583549 -0.5468300160339048 0.5138914768707211 -4.444878617987943 2.9141303614552316 5.5880416143031875 -1.8927763198485268 -0.12881021880026272
50 200 0 0 0 0.9298757034209446 -1.7205012164993305 -1.7490545615064197 -5.392379955436681 1.6849317804183435 5.550756030847989 2.34023126601698 -3.3630976596677717 0.10388725763480917 0.6770581014032271 -3.0341609212592457 1.9831567714403986 -3.0869332860190775 2.9881899766660007 -2.2790889833445385 -0.37368457582137543 0.8054039290854925 -4.750741650672794 2.964801164474259 5.422176910638488 -2.570899373812398 -0.5701604838272357
51 204 0 0 0 1.9966159755198944 -0.9311090749585998 -1.4429994443755103 -4.509368723086541 1.099589285011614 5.566787130602039 1.5522508266507975 -3.7740370565383685 0.5781928592432353 0.6877493791636383 -3.3832072796871944 2.1522188492966206 -3.0856097348279516 2.83908559180103 -2.6949472521431272 -0.20169636021180343 0.8669477484696959 -5.361137000340363 2.5745801392408594 5.456563231046244 -2.3966124586119717 0.004294906975569668
52 208 0 0 0 2.2752297485399393 -1.120893548669676 -1.0728878993270983 -5.052303890693925 0.9612524055987073 4.969259853865758 1.2934003833940524 -3.7118886219687246 -0.012871590430529767 0.9685601001856822 -2.9170286582398948 2.012331978084349 -3.942823424721184 3.02319778622058 -2.7702060549246186 -0.2831714978726363 0.6011022090106873 -4.989762097159382 2.8549707385959717 6.860869219410844 -2.9675968419691023 0.12995872620724758
53 212 0 0 0 1.8954475701350588 -1.4278685642678741 -1.9084116668881383 -4.877285009251037 1.5818370650065772 4.261125154977473 1.3380732079997872 -3.931629185952316 -0.5326658751522786 0.3544640408107852 -2.394677203964706 1.7646698994897507 -3.7093896908349127 3.3725062043177507 -2.4408822479840833 -0.6236252676014528 0.7847336319429045 -5.179175796373697 2.3932896577052523 7.351199848189275 -3.4491864850894998 0.4253426538050097
54 216 0 0 0 1.7082391008968298 -1.5398735811453828 -1.2981464082849774 -4.331693545156404 1.6123242783668768 2.91282758632968 0.6349434748264965 -3.903387151687996 -0.1031811284346279 0.018295214821456907 -2.368972152266735 1.399003126439148 -3.615806302189203 2.5356714634209583 -2.231822938427534 -0.7868921880823878 0.6631274469212711 -5.485581529070871 2.080951043839351 7.099311875224928 -2.2321429341251973 0.5657031072457213
55 220 0 0 0 2.7881227274581404 -1.7541823025265517 -0.9455851147690705 -4.178863315133592 2.1709364873478654 3.405818925072073 0.4813810982149238 -2.8855546698618606 -0.12521657401887654 0.11800081667583809 -3.5220340066398803 2.2897561662647785 -4.249442981312856 2.7867026309428975 -1.7474550966744913 -0.5716968134911873 0.39967245472002566 -5.3996197040688365 1.9621943645460282 7.263439277104021 -1.8495378474670647 1.1829358520739777
56 224 0 0 0 3.377919066314124 -1.7680531220310138 -0.5068215753459175 -4.466903321069377 2.013516861346186 3.58056187981068 0.6601424356585737 -2.3464172607170592 -0.40454150198593497 -0.3024978500751224 -3.45780620229524 2.1201386068096335 -4.132389971832777 3.26367813227027 -1.991959562182313 -0.5508169810565025 0.8666375048664694 -5.376448444292997 2.488613481444754 7.927688962559843 -2.550302296860909 1.4248723124510674
57 228 0 0 0 3.6538768416643594 -1.8611049134125703 -0.9214863269027024 -4.71404469964796 2.468015950089717 3.2226059235460376 1.2850376224408957 -2.789027917957111 -0.17685008900236812 -0.27141148201118975 -3.133338359210969 1.8120856155012468 -4.157093710808213 3.2430853000737048 -1.959538294954264 -0.44994616586755726 1.2208426952927622 -5.7030997841788675 2.659355311831511 7.351849772673113 -3.20699435956683 0.7476982569150266
58 232 0 0 0 3.498121210849249 -1.5300130651842523 -0.8722562674222336 -4.317134122422864 2.694277032175762 3.418720332575609 0.9756199727414436 -2.4630555537890912 -0.3066900880969915 -0.053702954326733776 -2.571064237522449 1.855959172418704 -4.138390754260342 3.0921314609845263 -1.8233331627054565 -0.26744903232165373 0.979922269257709 -5.921488234854958 2.8549728908617755 6.185541423996954 -3.3606623650505805 0.6470617962997467
59 236 0 0 0 3.0551601392144727 -1.1440466035018875 -0.29775209980146355 -4.431413816637708 3.231689481125938 3.141772433743176 1.1302779492716588 -2.4094278851955533 0.2750364823170196 -0.08711245739452536 -2.6126179882746703 2.236224377185857 -3.5342011347347073 3.4764044752070955 -1.8755839883464849 -0.012088319628857036 0.6012082194290759 -5.438653976738353 3.019891784019661 7.214492163753547 -3.819270428099925 0.7256573413961809
60 240 0 0 0 3.0970950805075788 -1.0558193894112333 -0.6865168947493411 -4.251719908339194 3.7052809605055095 3.291462529429736 1.262496036468094 -2.965430475371055 0.22693173294813734 0.11990216471189488 -3.0654712754793483 1.8635978576682621 -3.894969060217994 3.6376765132843683 -1.8232945550085762 -0.10903244433837275 0.45803038362185017 -5.696234959384208 3.09673564404275 7.0587775827451145 -3.595240919619504 0.3836557343758564
61 244 0 0 0 3.170206066516658 -1.2522767470470493 -0.1565769955766828 -4.288711510825299 3.2881405133773476 3.110466743219801 1.1874386706731865 -3.2724168452902704 0.2604332048080308 -0.2352022369647467 -2.876353336515348 1.8504053644164031 -3.7560139087534203 3.422419203017149 -1.4312059193818107 -0.1372711298400589 0.44280933504336195 -6.035459545339094 2.9927709539755756 7.5742113923245915 -3.6473688940926583 0.44165219459544913
62 248 0 0 0 2.702751078393412 -1.3509117936965913 -0.30438968227019386 -4.5719611093969075 3.5732909921391363 3.0071573290438303 1.5208058940510636 -3.020852768626008 -0.32330917857762 -0.1601688672977798 -2.984135274430669 1.9301921816838237 -3.74398726480481 3.090392867381784 -1.3297945144235437 -0.07817513697186315 0.08863453574528857 -6.25210658269682 2.8581106012125352 7.651592988764794 -3.5431021628647885 0.44950148556050873
63 252 0 0 0 2.5674501114260795 -1.4837009024603862 -0.12330997765467111 -4.3814330856003245 3.6881847697696997 3.00961492082108 1.3574345902125147 -3.164635473532884 -0.42685205087077327 -0.01479988108474356 -2.720699705642564 2.228873543095085 -3.758053530169694 3.064887399013476 -1.3246212921415648 0.01542880657733628 -0.4165483498836253 -5.521685880112602 3.130689472268231 7.922273009667995 -4.1074041790503415 0.5993272020569608
64 256 0 0 0 2.670985976463107 -1.607732447445717 -0.34621774138433936 -4.301424739410901 3.4532156756059527 2.991486641294749 1.8123364237952675 -3.13323280996493 -0.6800144856726563 0.2771972044530245 -2.9979857698636674 1.9372846051027652 -3.6669471097737736 3.279829723707486 -1.1638508763364088 -0.05505439412167133 -0.4190752410503325 -5.154615922105047 3.1425025627480663 8.591460301614955 -3.8234594781557862 0.7353407541235122
65 260 0 0 0 2.6069297418105126 -1.7384406384209274 -0.7324874210787283 -4.601658778312664 3.732408969858594 2.6831418518863432 2.1925935531902527 -3.2992843198361745 -0.6234805955242175 0.3499197628167404 -2.878276030450717 1.8154691856261824 -3.526270747268317 3.1434411899723838 -1.3307887698065055 -0.06447113970165104 -0.25744236487703986 -4.827393620644573 3.1131918818183535 9.042534305076282 -3.9041463815973554 0.601295638551606
66 264 0 0 0 2.877465793138686 -1.8319792046251977 -1.1825422542818838 -4.500158039856378 4.308102589621903 2.598638503735125 1.963271436368033 -3.282932807638591 -0.18055904300358389 0.34636632303408427 -2.7605373062090974 1.9106856253120021 -3.478767846894643 3.187975746741613 -1.1633082594275965 -0.0733873621773567 -0.31978170831278985 -5.264194841767063 3.54060500361506 9.23006667096504 -4.126764451965766 0.5483609168876171
67 268 0 0 0 2.695430483603248 -1.9654212537798563 -0.8801821062736764 -3.7900963122749367 4.618851048846656 2.4823372076692527 1.5919798787794543 -3.497382715500982 -0.1254194607281808 0.31589199425354153 -2.9125391490195462 2.097040444974387 -3.367046742171327 3.1376660884504117 -1.2008189565301208 -0.17052750078341067 -0.42902531575789976 -4.921829339025419 3.9829732621260154 9.214947854261414 -4.053461854499059 0.28666509795357886
68 272 0 0 0 2.70788650165672 -1.8386533164878538 -0.6174315405900029 -3.439925879787329 4.415474419914305 3.072361290611823 1.5026789501489621 -3.418491009055294 -0.4736777105460557 -0.32419358445926816 -3.2446269805315375 2.5592695586950174 -3.570655202260188 3.095285293298034 -1.2362341020894547 -0.19826223856110123 -0.253370895578089 -4.73226176149606 3.6103343637589576 9.255075163905179 -4.334890040357669 0.4689931244235117
69 276 0 0 0 2.8344180009239577 -1.5198118882027005 -0.7737956801154071 -3.366982559459428 4.2510825189362205 3.1885541514197646 1.3020397020594474 -3.275806001299924 -0.34600500055900296 -0.15754190787959788 -3.083732911681488 2.865995086417944 -3.268555972011616 3.1412053781541838 -1.6525342049796317 -0.22283495225340508 -0.2212313518487699 -4.601684459939435 3.1927055460022693 9.143690934223423 -4.277814719774267 0.9498741508439498
70 280 0 0 0 2.8131780379055664 -1.4415246810860245 -1.0313647946138116 -3.493301129903961 3.51647596587154 3.414307954455828 1.884145928226244 -2.8725301360528075 -0.17636248286258674 -0.03827455694451665 -3.179709860328159 3.1794251561697187 -3.2460933026089593 3.17590930563647 -1.7677497314570498 -0.157801406398015 -0.5307367786373041 -4.560001989773964 3.4590961647931753 8.975973782374016 -4.760913037280354 1.0269414552373424
71 284 0 0 0 3.4393539807487357 -1.284144678839903 -1.0800199039960865 -3.461534338334076 3.0188316727973 3.5008479615034016 1.7707120569712307 -2.746713609085286 -0.6180581670339249 -0.1606251786281236 -3.106508052172812 3.036850534044077 -3.519597879577121 3.072586292731806 -1.6118835837988632 -0.1994043329282571 -0.36072441583101206 -4.883884545019919 3.1553265154794037 9.293137474240872 -4.784637205786271 0.990366312651858
72 288 0 0 0 3.112357624590801 -1.1067704302757793 -1.3174231459113028 -3.4976579192885433 3.0157319898252712 3.1716182767169254 1.7514809902554682 -2.4372248201400253 -0.7687767917001845 -0.1916382829354903 -2.9254720042133364 3.059344347022606 -3.50110418657236 3.2188221046890746 -2.1007974024374376 -0.09639957595764617 -0.41956455296532413 -5.02098391439377 3.4548928051335084 9.071361735585072 -4.804209846169751 0.8244952326283619
73 292 0 0 0 3.2261002367653018 -1.180062547305178 -1.1488835368566381 -3.040116579701932 2.975623600332052 3.298940762019113 1.5525959429295209 -2.5217649033261846 -1.039250748181814 -0.3694473007433733 -2.8997236647734566 3.3152870470540114 -3.2489368244282923 3.001053540129644 -2.348208024981551 -0.06530243394316915 -0.2936783205234237 -5.228314564298478 3.5108784160144717 8.693543905324388 -4.641794757716603 0.8354066752278295
74 296 0 0 0 3.4219589568838287 -1.005274630177362 -1.7308001482276036 -3.051617369970016 3.6636258952852105 3.6430226208919256 1.8207474867903881 -2.6968735142169598 -1.0585625610213598 -0.5078096985434082 -2.6574400208168143 3.8170662826959294 -3.385231542301834 3.362811807967817 -2.3738400696586406 0.14944409060297065 -0.37860294921041004 -5.04266258517341 3.740635499575367 8.787337626995413 -4.621320986607571 0.5985039175592448
75 300 0 0 0 3.6265698380273177 -1.0497212117106076 -1.8634746414416108 -2.826802319214871 3.9494240675594567 3.3250340201889235 1.7452170397627746 -2.7755391866245787 -1.1994652242040007 -0.22350707213832988 -2.56257517876098 3.6501913312437533 -3.2602254421619765 3.406636411977965 -2.013746362527437 0.2705693819591638 -0.625100794731754 -5.07664283208094 3.556061053791485 8.981364542590194 -4.89122285879777 0.48789297580568136
76 304 0 0 0 3.6079168398272756 -1.290957362019078 -2.0208643276262825 -2.795374464842755 3.696334772181089 3.389598878763127 1.8265770426946843 -3.1399934750104683 -1.3228239309553662 -0.22384084384715855 -2.4427020025502837 3.6956899510757686 -3.631748278508493 3.2315489202505927 -2.0943375910882587 0.38829572110234295 -0.803535098020491 -5.460470363637045 3.3477655642887933 8.50080078713139 -4.707095988906833 0.5049898753781735
77 308 0 0 0 3.5582867047883155 -1.3662050964227779 -2.0943155533098055 -3.002379429418083 3.918997070070665 3.754635553257608 2.040381545482318 -2.6497647566332385 -1.5173118018038734 -0.1794406071073446 -2.3119412988925503 3.76457883810447 -3.995040650983377 3.158178491088387 -2.205049653798619 0.3346938639196877 -0.5800018224652314 -5.577627220821493 3.289478832293459 8.367203538575124 -5.110441392601066 0.7840962379572802
78 312 0 0 0 3.4279524716762455 -1.6198737487058497 -1.9056089291878475 -2.922377885713377 4.363313044467985 4.108079467213292 2.1320252601664764 -2.936619099121136 -1.5902044175867251 0.0029780133831561473 -2.494229488448258 3.9184321838430343 -3.910546429307109 2.8945510357964044 -2.167886280150256 0.4197110464367686 -0.558228155185692 -5.56935920508561 3.255352968085453 9.112887110213903 -5.173347364099568 0.9237287721149101
79 316 0 0 0 3.4782771015661367 -1.5452069752245123 -1.4607260107738562 -3.1344614428797155 4.397933951193972 4.015835103718758 1.9750934876540822 -2.8745829309170032 -1.5666263422032585 -0.0014272763633164862 -2.400378533977824 3.790146703619019 -3.858512762407661 2.796151668767447 -2.255148269256827 0.1830538881944881 -0.6132365078408412 -5.453134025950398 3.300211346713798 9.53937046624495 -5.554053389190949 0.996100136508067
80 320 0 0 0 3.5515351882559933 -1.6670116646510256 -1.4835608344614888 -3.1514329967596177 4.316362101634719 4.247267025771023 2.1434167396630457 -2.9658289244642893 -1.4436617674307766 -0.0841821108610658 -2.2315550284840993 3.4568002383841465 -4.082268128223214 2.3900874306862043 -2.290968936622606 0.034274282544874135 -0.8852976597466164 -5.426044533186451 3.6195373716724175 8.912180331186525 -5.916092785896932 1.325243137724565
81 324 0 0 0 3.093979328282166 -1.7285996079184813 -1.4273382779011627 -2.7382079351821966 4.048652019359935 4.138610051883212 2.085717655206115 -2.8238747922122776 -1.5705414418277173 -0.041689024916728844 -2.0576865959554147 3.007307473235942 -4.001597789947451 2.505094992760015 -2.5289278370997974 -0.37837423031262246 -0.8841883105752438 -5.442027779413255 3.639672596639011 9.553448228031169 -5.913144961936119 1.5136942016092847
82 328 0 0 0 3.4442256269221594 -1.6388699782835512 -1.201088278652045 -2.545748029497096 4.0138274622454855 4.0955980305823845 1.9835960436151177 -2.7681181895596447 -1.4056060157379093 0.018218511940211846 -1.7242598373346696 2.9743710568927453 -4.000103840898627 2.5950402340802055 -2.4713071735303402 -0.30933721945149895 -0.8532161762558561 -5.50946782397587 3.50625924706757 9.065651631702416 -6.202238815361373 1.3139485556491597
83 332 0 0 0 3.7229845634076315 -1.539301659487834 -1.3148546187243355 -2.3828531490948963 3.503956660064829 4.198219280735053 1.9142722910636478 -2.841113698679435 -1.3090480059373297 0.17542240281976462 -2.313025648225486 3.291257420123126 -4.1045634614273245 2.8018899288278307 -2.3976905064474785 -0.3734697743739981 -1.0207128436705897 -5.450320058481857 3.2680787546486876 9.227096598988227 -6.144469718309443 1.5073060027078182
84 336 0 0 0 3.6724650206789726 -1.427092785166706 -1.0136175728315227 -2.4913677351950865 3.492436011650341 4.373476529719054 2.1459688086763684 -2.9420699056480544 -1.7765997955312915 0.3235137791646017 -2.342341096997661 3.478961826284165 -3.9808041877500737 2.8313616767089447 -2.1613310876527208 -0.12908745932837168 -1.0641491168884505 -5.366857549199066 3.108980237239828 9.557777631568174 -6.143602735823994 1.6937498542114604
85 340 0 0 0 3.148789714550918 -1.4007260561727954 -0.8320130950334041 -2.64337401097387 3.8376588364881434 4.427957198939004 2.0474470756232606 -3.2217654692884374 -1.948427494334796 0.16151002076240586 -1.8044388170794385 3.416793900642938 -4.052062794213345 2.9293468542730636 -2.1418893344675443 -0.305613908968267 -0.9322302124091679 -5.198330576008488 3.4707670856693977 9.699040121760778 -6.033311035650913 1.9032479991265512
86 344 0 0 0 2.9666740347894356 -1.3005491781657819 -0.5426431720495201 -2.779342333361543 3.524181662967832 4.455126741962814 1.853938210064265 -3.3756304427315302 -1.9871437335894295 0.049929365555815966 -1.7589751715292574 2.911348213605249 -3.9058058901046477 2.6527012520774886 -2.454707375472763 -0.24022029099018388 -0.9137480936772008 -5.559340243937183 3.3650794535806523 9.127537586016613 -5.7314894092411555 1.7978552248935702
87 348 0 0 0 2.9668511322871676 -1.479674229121594 -0.5470928925856756 -2.864189038149413 4.091706993566055 4.5177264760749605 1.7785867908324733 -3.3635614239990423 -1.939739436221362 0.14870996614717027 -1.5985451950777403 2.5714268634426514 -3.9484404548841443 2.8793295869193822 -2.665966007838182 -0.26220649210942604 -1.0072092354359738 -5.711957176348075 3.3793379367553324 9.04056613559425 -5.045995508855679 1.8760671873458938
88 352 0 0 0 3.1061715532220187 -1.3621140576309592 -0.7238094642156132 -2.4338612327040927 4.565594028747341 4.66274160009303 1.7185389209305004 -3.247182977336055 -1.8795127765734767 0.14577149074137616 -2.191136828826946 2.2919520061902046 -4.087312344868285 2.935153124705763 -2.7269977658078552 -0.11736905958524574 -1.2009704723180132 -5.888096180305582 3.346167931117126 8.95283577688504 -4.820214679055674 1.787421219373845
89 356 0 0 0 3.0019772999031815 -1.3238543045984814 -0.7172729282132546 -2.1505173267276736 4.539054538301645 4.375542136310068 1.7682705060420942 -3.3618712493711636 -1.3761983556576043 0.08792042623103039 -2.0730829815356246 2.5095356799515005 -4.107345947875098 2.9080327940023274 -2.574247900191355 -0.038122041956316244 -1.4489420636378008 -5.655316465801727 3.416851332280328 9.092212488487203 -4.411532131373677 1.6260701819077978
90 360 0 0 0 3.005054569562062 -1.3003825168981749 -0.4667983360184048 -2.2539507507798864 4.55432597758269 4.486393588288018 1.8511432142745063 -3.528882001364014 -0.9451652697791195 0.06687100432024956 -1.7434277501006448 2.347233541082657 -4.280898593238535 2.629279439091513 -2.5486067355648245 -0.02617494531048655 -1.3916540885863893 -5.901423460908933 3.4948471962514267 9.092650251862366 -4.040965405016958 1.7474325152176797
91 364 0 0 0 2.928838926268967 -1.1833171783642369 -0.7141802295492895 -2.4064054051589587 4.398158296902675 4.285686998800457 1.8874863684697651 -3.176259163115164 -1.1342940647011923 0.015333290916110215 -1.775090857683548 2.5779471873481663 -4.544677622115135 2.414206938511413 -2.6473021511408166 -0.13603676285426758 -1.3528340686719982 -6.014030719786446 3.412038992942512 9.50819394099951 -4.186415594671767 1.6339754181611363
92 368 0 0 0 3.0582298823293153 -1.0613467495229407 -0.9412780109656651 -2.389154993786998 4.5350089051187386 4.213029545408384 1.9641234980880717 -2.983009441081012 -1.2967325011421478 -0.014157513522566067 -1.6716737439602705 1.9549503476454446 -4.654814658618512 2.7471429935109746 -2.7253267213348464 -0.04626335267111267 -1.1809645315825308 -5.977672386721778 3.549153152487562 9.449918815727713 -4.457745241546138 1.8551969896224425
93 372 0 0 0 2.846215975166688 -1.059707306740095 -1.0144257855344534 -2.4594980330674767 4.610995074534746 4.349370852919188 2.0596939447184037 -3.3124238404064306 -0.984660680759872 -0.028240159937074977 -1.7430422496518085 2.1489001844851097 -4.798422206026834 2.536811283518869 -2.926782238208872 0.05842647023465439 -1.0353280435070868 -5.926679727403209 3.3211258359978673 9.747907525007161 -3.9398272045741756 1.76496089660052
94 376 0 0 0 2.571992594547381 -1.0263615355868951 -0.797711366506397 -2.5851937816516384 4.844181190458949 4.436186867468441 2.013909738964482 -3.2699926707113667 -1.0802711899696131 0.11191480389022136 -1.5642790600666376 2.2255320827163105 -4.823796500380392 2.681651957137572 -3.1399125371882755 0.24867780313384308 -1.0571624672968136 -5.990486286193053 3.28128460141272 9.536594826173639 -3.6593855807695177 1.9564057439707674
95 380 0 0 0 2.56444061227022 -1.255414899428614 -0.9238716979849241 -2.9456609471411572 4.796342547583495 4.176098246794101 2.159700498148069 -3.4162759271478693 -0.9470042045088225 0.026217764494874465 -1.51488110749936 2.328587138333922 -4.986498675871372 2.662379282950682 -3.230701757993642 0.2501864053261601 -1.0944472922752668 -5.662366218875123 3.2747219871932547 9.449298511661004 -3.818837208262094 1.825261339440076
96 384 0 0 0 2.3764528865442456 -1.2408981526891063 -0.7135603267747814 -2.854383581434215 4.47545693547245 4.038260402951858 2.0729445546432625 -3.68454881003828 -0.9103406750285148 0.007004444823964399 -1.7918357369836115 2.5406258316555084 -4.926247470258834 2.7697277089744254 -3.4403036397409155 0.28124132054956474 -1.0581498587367308 -5.7647932510261874 3.450452723031575 9.008589987432131 -3.764445762326159 1.8309989375403166
97 388 0 0 0 2.3637217219638833 -1.081383222144633 -1.169002877489727 -2.862759222541179 4.688942163405295 4.071342957624323 1.954640661153581 -3.749620659782227 -0.9597725791350408 0.0008202207281582819 -2.0248857669505593 2.5378612545002213 -5.2242614657191035 2.3146945425182883 -3.2147059858107676 0.1554430006095124 -0.8602933374990314 -5.5402546306070075 3.3661242873151824 9.03890514195417 -4.462221509607288 1.8515245433745096
98 392 0 0 0 2.2873134615491257 -1.182205259963359 -0.7511004954209035 -2.851002864452688 4.767628493501797 4.068884570700102 1.8649453106781286 -3.5053685326985002 -1.1005243898571706 -0.03330026131939423 -2.153385502679417 2.485254162794951 -5.457859504447104 2.2854166541452092 -3.41760075005382 0.18932092630186625 -1.0114565591994793 -5.423298526304175 3.0985484779646613 9.081221354203382 -3.897736139181846 1.6585030819930044
99 396 0 0 0 2.3842820423991262 -1.2669276733873778 -0.8717892262665488 -2.5680354796121296 4.695628938681012 3.9023276927919417 1.8258798656841355 -3.2503493541588644 -0.8762345634179165 -0.12169334001909454 -2.1871727273344654 2.1005983896550426 -5.492437934192004 2.48525933673865 -3.499659437372397 0.26431660570614296 -1.0792816764618163 -5.477761262142641 3.0160941154628236 9.24981030901001 -4.243509322206277 1.9308023672116856
100 400 0 0 0 2.378997869969183 -1.1685251872781237 -0.9086569920085796 -2.126715899531613 4.443759042419329 3.755768196857641 1.5357194480708551 -3.480831539504279 -0.8618061225037461 -0.15151678815723088 -2.305741347479621 1.7956786019874804 -5.58020093991688 2.4589098525860194 -3.2840027351344743 0.2352726372201307 -1.022285413302344 -5.487759369187589 3.114344402820139 9.096971804154327 -4.4939529587387 1.9814038247546206
101 404 0 0 0 2.492463331568744 -1.3192153312934636 -1.3732383086599873 -2.288658071667826 4.529135105229878 3.675473986443287 1.5320652553464482 -3.227712097946391 -0.8574887123622352 -0.13891614046276565 -2.647438843197741 1.6305563799380698 -5.705933793834668 2.4378576615963845 -3.182148715717663 0.028034174211031854 -0.9595982779091616 -5.725123036041416 2.9848941917696306 9.070489970162912 -4.1788264223203955 2.2091518015903184
102 408 0 0 0 2.41774577095401 -1.2227232390177096 -1.6915926482652053 -2.385581472328241 4.879011009859516 3.526933912541419 1.459791324067677 -3.096116070579858 -0.9307950588577414 -0.22142490201955228 -2.7455202477984644 1.6379140776081889 -5.692165112225294 2.10372748364373 -3.1938070791451625 -0.03016462153443448 -0.8831660096528581 -5.608534629650429 2.949726224443514 9.3911519514184 -4.127523003437433 2.319713583453923
103 412 0 0 0 2.932124235419263 -1.21640021590204 -1.4177168124435187 -2.3708156709787653 4.916061307925494 3.409751699377126 1.6493528078576187 -2.852522429224622 -0.9542273302081028 -0.22507852171288995 -2.90436395549071 1.3743738113305635 -5.6332023942135985 2.192431623649087 -2.9008420659536145 -0.07058504605342805 -1.0495905137060684 -5.464079999988312 2.7107311748424627 8.868981432067335 -4.339514113894551 2.125908781561154
104 416 0 0 0 2.5085519030941557 -1.0876926743330877 -1.3998555657209693 -2.28095702771848 4.959659708769191 3.605558469892263 1.570358781869605 -2.567759413027923 -1.1366453585207832 -0.29248154243573876 -2.8549951872164026 1.7069337569007375 -5.709848578667725 2.249146607463593 -2.865680169001861 -0.21128044690173034 -1.177670294640645 -5.312250804549264 2.913719697747767 8.656158613873886 -4.34792550096962 2.1392206772629843
105 420 0 0 0 2.2725433539144966 -1.1571864009232102 -1.2218708986023459 -2.1851965806843605 4.616644842936976 3.5515314871812746 1.4175480557032356 -2.595753662167275 -1.4205621946894782 -0.37756836775489605 -2.9941731868504604 2.3139540011187445 -5.878668513314946 2.322783123906096 -2.389442742393062 -0.177839093695001 -1.264878063159823 -5.53530149012455 3.0452721461554595 8.77678939254918 -4.414039348083537 2.2454723132770313
106 424 0 0 0 2.6802636159829847 -0.986519737183186 -1.422821090863756 -2.557399041358501 4.646771398326264 3.7624676288490972 1.5273522947790816 -2.2613207586159785 -1.3786737240062732 -0.36096395548835525 -2.978625138616788 2.092086405286639 -5.953145447738167 2.283532795759382 -2.7022748517937214 -0.22206987924338972 -1.2561155602622645 -5.2844434487179495 3.035411954975171 9.152800490291295 -4.309446587266141 2.110213875358703
107 428 0 0 0 2.864956601164962 -0.6883300598176765 -1.4833303684308894 -2.7524491216241653 4.849627105238931 3.5358656823329535 1.4832514705844473 -2.4954128952365053 -1.3680065172706433 -0.31273834931921934 -3.002687770319272 1.948794825488652 -6.299707017717414 2.4837001017042444 -2.793981200962602 -0.15752367415884905 -1.446996314210589 -5.2321345980690985 2.928387522293833 8.894202600077056 -4.432931290581249 2.2161165622882457
108 432 0 0 0 2.648418111584937 -0.8720140896312154 -1.6110645461204822 -2.7691437750948484 4.7725410685424485 3.432264937131225 1.41382764512833 -2.2202475071589567 -1.4975958986113675 -0.2832936147843366 -2.8562643992985075 1.6289689593514982 -5.984712599136252 2.421675140116654 -2.843412266276566 -0.23960944526778577 -1.4789874746680218 -5.387811472741076 2.901110375130423 8.345579252366115 -4.61872597501059 2.2852713529840463
109 436 0 0 0 3.205190089952754 -1.0623969073862118 -1.4666000441331855 -2.957350212841523 4.726891133815013 3.557093028685762 1.5294359955852794 -2.3339609326463457 -1.4006373714715759 -0.45297037508018234 -2.757925007469236 1.4953194238906322 -6.215467590601866 2.452772260164124 -3.1120408041901997 -0.1999996510595142 -1.656022201909413 -5.349520346664741 2.7021726481547743 8.316778897974173 -4.5317921199907545 2.1008274177191977
110 440 0 0 0 3.1255119808770315 -0.9823790931173804 -1.5543763438741478 -3.3017717356070717 4.952530987570622 3.4995159320556626 1.591381379854349 -2.2519287112604705 -1.4972469574494305 -0.5395744341093179 -2.7009478789238184 1.4522989982323542 -6.254815541977528 2.326964949329563 -3.193086100477431 -0.3910152051646115 -1.5677119198648324 -5.511171053470877 2.5286930014502227 7.92009509355967 -4.16668433653074 2.1120956708118976
111 444 0 0 0 3.0897617519495393 -0.9027291629776273 -1.7181996547454 -3.594570444031092 4.960137541113493 3.3999589874333593 1.5892075256182479 -2.4528168933720633 -1.6638093432496366 -0.4699814744119535 -2.538572849767261 1.5569278030024178 -6.046688023480188 2.2932330190090995 -3.2637266660150184 -0.397489827354512 -1.670177272596824 -5.523832723907079 2.2960410956766357 7.93615543250289 -3.920893251150003 2.1533895503070215
112 448 0 0 0 3.089386887302562 -1.0884395706846381 -1.753565065789853 -3.7453091644493415 5.2556459963234445 3.6909731446839666 1.5032451350802418 -2.540771374262965 -1.5673843199806887 -0.3057844577755052 -2.9918273706591707 1.475751273292841 -5.863670991895339 2.4699460592067886 -3.163719221407224 -0.33822655552728276 -1.4403142810690786 -5.486460875158966 2.4427563276203363 7.6623019130675525 -4.345731703602106 1.9866007660200091
113 452 0 0 0 3.553957005007201 -1.161592385447822 -1.6718278810061 -3.8017876627444416 5.134210875991336 3.597800206331944 1.621454299677916 -2.5930235316067964 -1.3071824513497778 -0.35457733609704944 -2.855225834733704 1.4361641436230197 -5.776539246275977 2.522695642604357 -3.145852754350696 -0.3115119856349443 -1.186760573182817 -5.643958625231074 2.574132970643902 7.253337148112283 -4.242270457622807 2.142152592219279
114 456 0 0 0 3.2690927597813335 -1.0499168953394022 -1.635756463735094 -4.138134144538347 5.234742083328452 3.4553521218505763 1.6102422847767164 -2.574268133920128 -1.353291919000507 -0.43374895104873723 -2.873080174214864 1.2817193337462889 -6.112770179544019 2.6404176148690848 -2.9903827012677375 -0.5654243627581368 -1.2522886713401422 -5.886479562422446 2.393116481066869 7.443700170994893 -4.067752512603042 2.1294583916842336
115 460 0 0 0 3.1602518180091757 -1.2687228075133334 -1.382563093226152 -4.184710047781178 5.082621812884808 3.237238304224653 1.7784276155503909 -2.3618525001597983 -1.4150090490528984 -0.5159010619825855 -2.626882765287832 1.1346614650440634 -6.224115115624157 2.6909243928381636 -2.94315873016815 -0.5247492056060634 -1.1813623057783342 -5.739069455446694 2.563368085535702 7.607632506263674 -4.01591276143797 2.15887611951994
116 464 0 0 0 2.8662254973671835 -1.1500606707355723 -1.656986503612619 -4.10553880220036 5.321891294670422 3.0608864460606537 1.8080166300145446 -2.298624779474956 -1.5917061163668467 -0.43789518111293657 -2.3092553296700458 1.3666760243536826 -6.072484054069539 2.5900560920685196 -2.945987421011879 -0.6067226436668263 -1.0152833901195328 -5.948113197637921 2.6917844077013138 7.478006343501111 -4.219455032912437 2.0820474854241127
117 468 0 0 0 2.4286601959932206 -1.177607548596066 -1.3855909682102783 -4.298290473397441 5.39059188226021 2.798056468752122 1.7207360513125818 -1.9158574027389168 -1.8219737683752417 -0.38408555644376796 -2.4969170425858787 1.319916375515704 -6.026212163514087 2.802971899194279 -3.070576819033726 -0.5794424088456547 -0.9283355368374212 -6.023425872519293 2.8412112412112025 7.289018745658913 -4.495364499608004 2.127093947345513
118 472 0 0 0 2.463215986182237 -0.935875581878078 -1.50944855497436 -4.324601132555655 5.804390762365289 2.5276750281051563 1.6917374820227404 -1.9918491236920808 -1.7324117959180039 -0.5035009282162296 -2.5492621492698837 1.6118845015391159 -5.661675831027427 2.7951721077049716 -2.85665719726716 -0.7153782769157823 -1.0887487185299105 -5.902650834685725 2.7812554181912192 7.316585275898051 -4.724071679743327 2.0658982853807464
119 476 0 0 0 2.963651888463404 -1.0097186950349875 -1.174993020455669 -3.8442261878262247 5.6319667418413175 2.5296708258224356 1.7289361645415888 -2.0303644405131798 -1.5795542476578652 -0.48873859816024545 -2.7410054055951036 1.1928876494515237 -5.620360373114244 2.6621008008410576 -3.0511715151535195 -0.9163334298175944 -0.999780894995088 -5.705162718341826 2.758873230325075 7.779698049127758 -4.802066342513323 2.179296141160978
120 480 0 0 0 2.914779354958206 -1.0129584911149234 -1.234269602844066 -3.997533268633636 5.61837803448513 2.4060042110415205 1.7444801100984448 -1.8065331543359546 -1.8907847460836844 -0.41350315955974615 -2.5927611606970236 0.9207064350334249 -5.4685761573135325 2.6035487094445733 -3.0570591958657554 -0.7887597144722316 -0.8008542969279989 -5.83328785705339 2.8775093751725795 7.594680853559841 -4.406958386517128 2.071505882906078
121 484 0 0 0 2.7454144396963343 -1.0097777426231322 -1.1213810558990596 -4.3038578065361355 5.251091701351814 2.565270572630365 1.6808653854985622 -2.2193116602261997 -1.9811979317041435 -0.4223370980978298 -2.6175641058827903 0.7762489327649005 -5.508209665877529 2.3895594628147476 -3.0217949508939412 -0.6936326309397766 -0.8883563871783523 -5.982215623088647 2.7336301408788573 7.188585531244204 -4.355455056375535 2.063312035998514
122 488 0 0 0 2.806399957969391 -0.980384214144006 -1.1989689370006449 -4.3378413628604955 5.374195153394202 2.3670634691730554 1.6628246032548577 -2.2493145693792402 -1.9376734866144307 -0.33086214835449734 -2.3736748129783147 0.2564801672726249 -5.409093241784306 2.34600768007578 -2.9130611747085187 -0.6572350963088649 -0.82788591161733 -6.093164026045521 2.795404916482935 7.076877550347227 -4.751533992196135 2.211127378658292
123 492 0 0 0 2.7807314143757758 -0.9510650368972842 -1.3505379295913085 -4.133386143132864 5.306099699781199 2.0881546878696193 1.614667418220078 -2.07142357372679 -2.0972400402159184 -0.3494339908069692 -2.306380050178778 0.09470161973973676 -5.572576201134604 2.3579010034467633 -2.848164544783337 -0.688200934611573 -0.9785598619403496 -6.006205640409265 3.0173573382276233 7.2356153068792635 -4.160956707492216 2.3624474227239722
124 496 0 0 0 2.4780176364497897 -0.9516572125905576 -1.4386220495404247 -4.1658196428404555 5.497995051984124 2.2063363783073995 1.4453250617273827 -2.3650540566903406 -2.3817429513319675 -0.33890590624669786 -2.5335882986552374 0.03259806529337038 -5.588936770065111 2.3947436303091063 -3.058246450023959 -0.8158460575184161 -1.0360660403298645 -5.967473343729795 2.912195477185404 7.463214419287503 -4.317908300904702 2.4732300927385427
125 500 0 0 0 2.5716794032924697 -1.0626507717595814 -1.3369404545657793 -4.346311872553285 5.5425165271264945 2.0527609354564937 1.5916069395621473 -2.478524377970314 -2.020216645607133 -0.4696600731375081 -2.585484578926755 0.011451380059253988 -5.92699598582571 2.388683931232562 -2.995435387856953 -0.8303712033085389 -1.1229195501468416 -5.843037601169573 3.0065745406921645 7.495140604574846 -4.429815658350508 2.3692217569167213
126 504 0 0 0 2.7802929190880605 -0.8766163576459877 -1.2106731198840832 -4.6328069966416425 5.646040839153487 2.1882197084026025 1.6202058733202982 -2.3222226162167035 -1.8596759003643837 -0.47346672429124204 -2.4876206109283694 -0.2622445784158254 -6.036475894258058 2.3714569308480473 -2.8800646883396617 -0.7954491692756718 -1.1247439733885427 -5.690857354462732 3.03838369108856 7.67087203859341 -4.855340853164306 2.3067161639147122
127 508 0 0 0 2.7130740856084894 -0.8527436267524243 -0.8324693221049567 -4.800587209791757 5.414690452557859 2.037958910042285 1.6866735037314773 -2.3767395409184524 -1.624163850811053 -0.37278439744629965 -2.4421097655600406 -0.1478825947066279 -6.029074835910447 2.237479627897752 -2.8193214230272052 -0.8151574817087225 -1.1343342730959691 -5.711389161963755 3.156649381050371 7.742920884021924 -4.848909111723675 2.3509590954734954
128 512 0 0 0 3.04236342175768 -0.7027137306847311 -0.6356821198573246 -4.51152095597594 5.169531908179831 1.8505749655908714 1.8201085010679783 -2.371018220920617 -1.577054304120735 -0.38844054069752576 -2.5611914922735926 -0.21460823086195718 -6.34790054273622 2.2499595042830607 -2.7878107074125635 -0.8561274197159299 -0.9737478822399491 -5.6990606708868885 3.0472989070912684 7.785343328753029 -4.462910380248993 2.4137030312244567
129 516 0 0 0 3.134932709906481 -0.6665417979960988 -0.5694334682280153 -4.4292532455997184 5.07820729277095 1.7653620534204015 1.744382583562863 -2.1717440756614694 -1.2766099557563635 -0.3649770337175031 -2.3845675709806655 -0.37116390015709444 -6.152670630659473 2.2599129749346605 -2.6891989499693345 -1.0665670131745313 -0.9512517838573928 -5.749172290034122 3.0825866337219967 7.621767144496218 -4.718529871796436 2.3983245049061397
130 520 0 0 0 3.11611272260688 -0.49681063449865864 -0.5894237798329178 -4.795356897607048 4.963571527230108 1.7674545172850056 1.77638086149717 -2.0571637894900614 -1.0547302042996671 -0.2748235905234931 -2.405564126994962 -0.017944498902123796 -6.48596795530947 2.2237974279166894 -2.6867355365328613 -0.8822223592300318 -1.1380418939756745 -5.664061811992167 3.139969414699443 7.878726219039079 -4.814574245883251 2.5634696709707283
131 524 0 0 0 2.792154512599903 -0.5820711818495059 -0.45539576854296954 -4.632409435538349 5.099998331369786 2.0838113553691153 1.6737133479139912 -2.2355185911259774 -1.1604053812409552 -0.4992205673417972 -2.3910333042132956 0.46600170361599713 -6.524666082657129 2.0935598613758573 -2.674593605390955 -0.912108637989699 -1.2815910184882995 -5.672090039166635 3.0423546667601444 7.998689345836154 -4.85677765854216 2.4785175962443
132 528 0 0 0 2.8428498090257173 -0.534588897050668 -0.31128290490691385 -4.751084842667285 4.988082617804253 2.1824154792052646 1.574137216380527 -2.335125061185462 -0.962219966612236 -0.45882759302123566 -2.297752038053805 0.8154995474204636 -6.46387276251617 1.9470580354241025 -2.543699799797234 -0.806099539220553 -1.1451134302399804 -5.634734061119961 2.9243456780340757 7.700555189800845 -4.787590624011969 2.3431752081928456
133 532 0 0 0 2.8665328334805102 -0.3986514794599788 -0.2743799276936206 -4.718282016260037 4.934198765883902 2.0989159943260676 1.7377995088184173 -2.3956934424240974 -0.976415588062557 -0.42196487720309717 -2.422674067424359 0.9721321724375067 -6.383149901769372 1.9224830657788232 -2.4356702801113457 -0.8221372778174232 -1.3330162483966426 -5.667302399522517 2.631634883858049 7.700022708992762 -4.704017545383051 2.289438995669982
134 536 0 0 0 3.146647003736983 -0.2653331608972627 -0.2984576827327444 -4.358561308228203 4.61852748929046 2.007038042787855 1.6414238159563777 -2.4851153595345234 -0.9723934781920371 -0.4175749431599809 -2.310501687488229 0.8656662283504277 -6.380991038848981 1.8537381477910029 -2.6838407560509054 -0.8823074777378056 -1.2518503055109642 -5.756095654368378 2.772198106423672 7.3146695832783415 -4.065342921377065 2.251198700361914
135 540 0 0 0 3.2436330230991652 -0.1295187113203507 -0.434728777187807 -4.180524020538963 4.860576579034053 2.1193296673201942 1.7876170008328356 -2.514947072921719 -0.9568872134321728 -0.5137922963976437 -2.2316136514033533 0.9417295404338348 -6.640917427879442 1.98551955224041 -2.4274176361613296 -0.734531152718013 -1.3701266953661158 -5.526716340188801 2.707204143834562 7.441037215265729 -3.9361548924494936 2.2149691355142656
136 544 0 0 0 3.2593964392801507 -0.22651385310638678 -0.5216122079762304 -4.228510476037604 4.8185513445057895 2.1508232409392 1.6621589427900423 -2.5089358734060934 -0.9341322074227905 -0.41831303548015053 -2.3573914273883574 0.7896001678028562 -6.806564162379249 2.0886432296019137 -2.362515927703284 -0.746913604078757 -1.3200842130228958 -5.300345400928922 2.608425893639065 7.1536599625299 -3.716930226999697 2.179365863281522
137 548 0 0 0 3.3480407053140313 -0.27061383567438446 -0.3049339428020168 -4.143127078214354 5.044907799627804 2.2039692525776013 1.7030066844314669 -2.96494227494066 -0.8597487711913321 -0.4953475846108406 -2.411616581030779 0.7983976884277382 -6.6399556674448235 2.1355729954657443 -2.576103471996289 -0.6134484769932614 -1.3252357695329047 -5.282893070624442 2.709237735818397 7.043871256870823 -3.4676749453099642 2.2688512720808767
138 552 0 0 0 3.2455205773811584 -0.022356134942619593 -0.32744250217614757 -4.066918088005101 4.8502084392163685 2.351372800748531 1.6408226417611447 -3.005822204974553 -0.743945838414409 -0.4787134361997668 -2.51138565139645 0.774293624990176 -6.743639154051076 2.1851634477826707 -2.4408283081240003 -0.5209914148272856 -1.2150193151256155 -5.219129708030281 2.6899595646007497 6.772396189737869 -3.190309938305908 2.2779608060276546
139 556 0 0 0 3.1458776595718136 -0.03567742122355084 -0.2770665920853087 -4.257965742052643 5.179604068692158 2.2730959648278417 1.517574153480191 -3.179742956586273 -0.7682479826458144 -0.5246073282581754 -2.5710301372831728 0.8235293829698284 -6.690903527088668 2.2321624918941763 -2.426205328188749 -0.7683977875420603 -1.2456084476382148 -5.246105827058614 2.574730455236859 6.242977865303442 -3.3408322831583375 2.246038266549244
140 560 0 0 0 3.1825037281874566 0.06810619602140117 -0.12642106137801784 -4.31202189212067 5.032772500281517 1.8942172406557707 1.6867234064699708 -3.4589462645404634 -0.8157829550998728 -0.43732147136446 -2.347834709564957 0.62911078916449 -6.59232519606335 2.228281768786865 -2.3493593013152116 -0.9901162556470635 -1.0066850781987164 -4.985682625253299 2.643356347939094 6.518025146259212 -3.4080167547340157 2.37635668475527
141 564 0 0 0 3.044722269408032 0.011258764670724508 -0.17325824373409018 -4.2493449266831504 4.928225772087408 2.0387912606895995 1.6560678198327494 -3.4840628939844778 -0.9829771061511697 -0.49812563990499537 -2.2291830804121466 0.7572867957970955 -6.618514294745877 2.1645209306723503 -2.5204709178858904 -1.026551107897494 -1.084740452699767 -5.0147833520063845 2.5637050379235045 6.343070778721746 -3.3855291679372357 2.454154725861462
142 568 0 0 0 3.301430690701856 0.13295590087540127 -0.38027215332295616 -4.462041544762291 5.035976903672898 1.7911902018881303 1.6829928020348968 -3.298288359621457 -1.288961470939539 -0.4849884215552966 -2.1894016259538844 0.48092105172326055 -6.615654855613846 2.0095947714094984 -2.4226722861671006 -0.8273651176780441 -1.1121915636334812 -5.039415312849512 2.5584646445043195 6.253995008880186 -3.5801655939723878 2.269840411216982
143 572 0 0 0 3.2535952748467514 0.09951848409593568 -0.2187900245494571 -4.65954067890829 5.03888975792402 1.7934422564079155 1.5450784893811118 -3.30732340758387 -1.1862077797279553 -0.3230143179889824 -2.284414660808202 0.7316146745467922 -6.6170425556187995 2.1177178240837957 -2.570683283530591 -0.7675981199673847 -0.9758590532394333 -4.900653864336988 2.5272129531409493 6.429613401942522 -3.210935453371544 2.200058935247843
144 576 0 0 0 3.4904530939452654 0.08001320635328725 -0.0036738131531906526 -4.672797942384993 4.777380626564529 1.7092341153587134 1.4922262821820969 -3.266379954311671 -1.17128957344659 -0.29345731962700217 -2.2035218476813925 0.8893830997175836 -6.715378201331096 2.1006002191647646 -2.6495245360628483 -0.6995988330017233 -0.9745690975706953 -4.847853490928777 2.645351791943756 7.017693283904997 -2.922669323389775 2.269914108862481
145 580 0 0 0 3.542906061144268 0.18477355957658828 0.21551454573341672 -4.565752687044917 5.014306456851509 1.5493292714181677 1.6020691149767226 -2.936456103032524 -1.0860778588845321 -0.2025325308180297 -2.2638588766444365 1.214855051022166 -6.437838481205776 1.969651639377455 -2.872051002611558 -0.8615439557436451 -0.9083481264893973 -4.816010372929085 2.610625796736279 6.579916887041714 -2.80978117305234 2.2329955999907716
146 584 0 0 0 3.3892678142114443 0.2621055257550523 0.3294161180217804 -4.563466825582703 4.820354090437892 1.6298637611023352 1.5607954363602952 -2.815327969508216 -1.2175386403397568 -0.17983730795986844 -2.3375370867159644 1.3391765445817132 -6.477841100828163 1.9593181297543154 -2.8532513352144617 -0.8801847765459556 -0.8959068273859346 -4.749149086159963 2.7520353877505617 6.548649184178612 -2.8192404547103402 2.164099150597378
147 588 0 0 0 3.5936973464736743 0.3526336591919471 0.3400781552568801 -4.373743751583149 4.760382938678123 1.7366860362237102 1.2965801155129468 -2.7102905793012493 -1.1382372100911335 -0.2584122844247849 -2.2021190040250986 1.4608216919871464 -6.509338018697774 2.1148478120258063 -2.9900213713451103 -0.9118506691487294 -1.0454757407187651 -4.693523466637066 2.6317912893859616 6.336283834938147 -3.257283627795161 2.183673376416227
148 592 0 0 0 3.724293931859373 0.4084136719298721 0.37789819143137116 -4.823858096477917 4.755283423822528 1.6702801887208771 1.4508169666255337 -2.480618082582679 -1.1181875735087095 -0.25216539273286137 -2.1072918036057713 1.2017519726997699 -6.824746659829126 1.813830415394968 -2.8826276453442916 -1.0708404091268067 -1.0668721148137048 -4.872654916988241 2.6435033606130256 6.620603210213821 -3.1816446945781163 2.3925531671557354
149 596 0 0 0 3.9766728131254094 0.5462903365093807 0.2398409949709901 -4.636745510199825 4.7838021211489465 1.5700462836376154 1.5022374620076722 -1.994107169419365 -1.2875672675458882 -0.05293137087083494 -1.675960002340985 1.0796051249302299 -6.830885721095667 1.735373572797203 -2.8537031704600344 -0.9970063925682329 -1.1301963567759674 -5.085473793320738 2.51629931109934 6.569009795104144 -3.0271254932130733 2.3981533878223336
150 600 0 0 0 3.986832652026128 0.4124407532542186 0.1677716878823211 -4.60994160616519 4.786160850130549 1.5925263486637662 1.4093946032346456 -1.8756822284342078 -1.3443796863427129 -0.052117570408039354 -1.797375925647403 1.082158731721641 -6.5999841623727615 1.7529675993105842 -2.7916244441658025 -1.0891387951330345 -1.067833641650557 -4.957703226741495 2.5570817368113223 6.434794702795708 -3.330016383553879 2.485911827957728
151 604 0 0 0 3.8734442862799865 0.647132620797186 0.2509308941683664 -4.756536915023216 4.666644215597557 1.9261899894185097 1.5464672008541978 -2.1014844461854505 -1.3705168324681087 -0.19833317769397169 -1.8451061029763187 1.2527778918218817 -6.637031950509832 1.8318891858272621 -2.688717060711723 -1.0390796860598188 -1.0962386006202087 -4.791529738088967 2.579038562639147 6.764025024522211 -3.4262589216226056 2.4867452111102177
152 608 0 0 0 3.890741172185996 0.759831154933323 0.033040183412832685 -4.6709741844942005 5.045281081985909 1.6369853506751997 1.6044777958655154 -1.992922514569465 -1.4229524284262494 -0.1584095930591416 -1.826518375148626 1.273875491780294 -6.735110576982352 1.7376790381682663 -2.8941028973977456 -0.8837636218462825 -0.9831953174470798 -4.563792331450488 2.559336969129712 6.805747045554654 -2.8658802504540026 2.4431205478318616
153 612 0 0 0 3.965256093824705 0.988782416222117 -0.07692774996838322 -4.538229563644986 5.106127662863099 1.4328594376417487 1.6568115649347663 -1.9646747830436826 -1.2355500260331524 -0.1362478948605361 -1.9550228316782765 1.363641647084227 -6.696934680672398 1.855922172717606 -2.8131726780842734 -0.8754667435705273 -1.019867532355419 -4.52549202746013 2.5075619664520894 6.769207405705296 -2.8468147886431905 2.3970032139097546
154 616 0 0 0 3.8160753074779303 0.9702443696190186 -0.15816781869689775 -4.5440442966592824 5.001847082662135 1.379841580894389 1.8577236185409607 -2.2699514554080142 -1.2404833972387217 -0.19134943083902814 -2.096799590998497 1.2487827165556031 -6.770684603750223 1.9470473691388939 -2.6497938074014544 -0.8997655326194198 -0.8882063361998586 -4.568084346360719 2.5680588146152115 6.570141074251206 -2.7908586686072256 2.2758966338702358
155 620 0 0 0 3.7990787327316093 1.0951248108665912 -0.13787338103333885 -4.515855624580353 5.183316061186619 1.3463921430600512 1.8110023598480742 -1.9341092052933961 -1.3946357582796471 -0.2200713329453698 -2.124769294859384 0.8737837407735445 -6.864792632984845 2.034444904037404 -2.571296629555759 -0.9236972857884567 -0.7908440160049823 -4.506243826847265 2.5871176757957897 6.472428440083773 -2.5959083452810554 2.238994288953774
156 624 0 0 0 3.7234011760400096 1.152579650713476 -0.1858048672781794 -4.789300775710155 5.229663422653118 1.2980794264615239 1.7801936994688266 -1.6939737034468265 -1.39767867574447 -0.2905730674151375 -2.242496000821543 0.6055333941302483 -6.946040470651878 1.9341211490601624 -2.688479496465767 -0.7838275279913656 -0.7608125592012321 -4.404877302252506 2.4835758443814298 6.73015587422541 -2.6061438935434644 2.151842357625567
157 628 0 0 0 3.7742305460043726 1.1485070560789303 -0.09123094196241716 -4.932150862590353 5.470334852596928 1.2773369056744104 1.6278896726316017 -1.4663687623084738 -1.1525136110842977 -0.16241500741532433 -2.3942212263864056 0.568909895991827 -7.076344491981237 1.9365240327823117 -2.693277540722681 -0.8062087287644417 -0.8133424459854804 -4.348363988385912 2.409566443917321 7.039413994496213 -2.536284200447538 2.2024427496293417
158 632 0 0 0 3.539451420859195 1.095317841393235 -0.18778530428736792 -4.9779625112283465 5.532925559525232 1.226564795969876 1.5858240273424136 -1.3475273957799656 -1.0545593921380332 -0.17731643952123405 -2.404855179388788 0.6278734498579299 -6.937467244556078 2.0444457888656675 -2.8375418418559297 -0.7877184372964049 -0.8640239134589721 -4.368261700216974 2.4014402806219697 7.2695546641231195 -2.750571053995567 2.13569946326106
159 636 0 0 0 3.5052281664477034 0.9550675853479896 -0.2774573506318759 -4.892758978748825 5.215789649504577 0.973059036536585 1.5894610906255313 -1.1272849938450313 -1.100113971930273 -0.16340659993235376 -2.4400701122194253 0.9234558158211024 -7.09137379928827 1.8271077484368277 -3.0745068605404042 -0.950076674781748 -0.8324617103148171 -4.349145127246021 2.469547004029147 7.445492175112457 -2.502555196537268 2.179808937378971
160 640 0 0 0 3.6741757058422984 0.7410817255008594 -0.14879235019676929 -5.197716207960545 5.117107431673758 0.923937734230656 1.5837215288710702 -0.9976017444967407 -1.0319138754634423 -0.22391456542016627 -2.5510602717639133 0.743591458801229 -7.304783725414525 2.000669335378789 -3.0117249903791676 -0.8719057419164642 -0.9113735644717387 -4.186974164915628 2.4333246197610103 7.435936898385335 -2.3831896044988485 2.255066583624775
161 644 0 0 0 3.456347257155145 0.8871840360552327 -0.1323680795895949 -5.2894801350793275 4.88035395958525 1.0764840711767323 1.5897104069234318 -0.9691682126279901 -1.1473185244104631 -0.2769441034915595 -2.6568503235757763 0.7942271632471527 -7.305743904775678 1.899379349974299 -3.1158882015723828 -0.7011085950033924 -0.781554102315999 -4.0820541422206915 2.503070354876791 7.288636781140466 -2.4459083385799794 2.362080751596041
162 648 0 0 0 3.3955781081644902 0.8839107049536352 -0.07271907309006256 -5.32034717427277 4.726538632472205 0.8729890329192084 1.5448232032258027 -0.9488137480054878 -1.0622297955705122 -0.258781666826135 -2.594870774631101 0.4178237765091073 -7.335474876625033 1.9519436034980429 -3.34970450481194 -0.6385411828567922 -0.836959176650459 -4.131264606877038 2.5404721659281586 6.94613788468066 -2.3451103652804237 2.3405115275167114
163 652 0 0 0 3.2459936773146763 0.86722178675736 -0.04104312833064366 -4.9882347320626295 4.602557053497002 0.7231368482168097 1.4051512412152531 -0.8862875635461246 -1.073282810922289 -0.3114771028243989 -2.504047656080129 0.638174452112495 -7.151910153895429 1.9884007386497937 -3.4671028422687904 -0.7396025185497488 -0.9518280108037752 -4.256682529441859 2.52415358500828 6.889811421850289 -2.366499561568917 2.1375455925656945
164 656 0 0 0 3.395698696408371 0.7072333809168333 -0.14964796615149042 -5.089701148824986 4.581915519344139 0.4490050250011034 1.4190044330345173 -1.0955211697369562 -0.9733908893946468 -0.3041538552538978 -2.5435198653595297 0.6673411611376413 -7.1633889471313035 1.9655569371345267 -3.5994787460528217 -0.8310070658055468 -0.8777352179380509 -4.0835620269217126 2.5457062939221147 6.740207414822963 -2.700609857048672 2.2262104699722824
165 660 0 0 0 3.3925257741006245 0.5164346683355104 -0.004731744153325695 -5.245425489959257 4.751748176655512 0.8154558970004456 1.4421343511679106 -1.0082036534512053 -1.1320969633738813 -0.4730959825046527 -2.4528940518201265 0.8335410228674289 -7.030548649566989 1.8201709433579683 -3.3558733619731966 -0.7637003528619272 -0.7614875023751193 -4.103594839053528 2.4315297909872706 6.622221425036862 -2.252331521735175 2.226643860925324
166 664 0 0 0 3.388126047010335 0.48848146548082066 -0.2063141861189586 -5.219395290198258 4.714918229623495 1.0817358208794732 1.3886064907498943 -0.7591576827396951 -1.230250248652299 -0.5159569714931832 -2.4513363846003955 0.7909607640382276 -6.757174361188051 1.8803826176706797 -3.2750624239733304 -0.8471193835187829 -0.7399875551533575 -4.236543595220217 2.4616687465796563 6.225228638575567 -2.2494030258030078 2.2158969611845296
167 668 0 0 0 3.4929384886889023 0.5318887297205539 -0.2706044647003764 -5.157361677949489 4.368226960738848 1.004170770929401 1.3614979362522623 -0.8531462976484653 -1.1513663786057817 -0.5776681880746846 -2.461275982747452 0.5682517204723286 -6.889749694320896 1.8104495571019765 -3.2820667141423914 -0.8307692824482137 -0.8820690891028299 -4.3192521764566765 2.44585714933228 6.3714605100862185 -2.131703792987179 2.298934291936642
168 672 0 0 0 3.6608665842301287 0.7375437037450338 -0.3701117770242435 -5.2511024665827195 4.371613219246324 1.2861361546528376 1.2637647437132695 -0.8013133197793731 -1.1710630621060765 -0.5413639791649729 -2.328573752491496 0.4573921609951172 -6.898406548158388 1.942687884218819 -3.367928724445398 -0.8488092092262544 -0.8754932273245569 -4.279702773462946 2.506472797030013 6.275801429670596 -2.072111869868394 2.3225345488390414
169 676 0 0 0 3.552214926856701 0.8696630795209821 -0.46060355097688416 -5.417491106056336 4.238034425218444 1.4021478672851941 1.2929677274499773 -0.6985974588521725 -1.1625148391485132 -0.4083180127650229 -2.2928649880521914 0.3968374038879747 -6.910982463046605 1.9473800765710416 -3.34562127930662 -0.8353682038802519 -0.8714664300668826 -4.402737982458927 2.5740466424432333 6.5541259334151265 -2.1585637652566456 2.417332195983657
170 680 0 0 0 3.339036068083411 0.9180805023800802 -0.3483588915367353 -5.596043786457855 4.3054758665892 1.625278020116844 1.3989908873759578 -0.6824226592088152 -1.2035358813658843 -0.34673885219686296 -2.4551420266166737 0.22530355880338737 -6.8152827037923975 1.9835450256987828 -3.5206064716504146 -0.7611000464322635 -0.9415964670961695 -4.073887010970468 2.5467367994072228 6.7540041742744155 -2.0949186636118564 2.4106798394059497
171 684 0 0 0 3.5283787957818253 0.9958848726204924 -0.40099860245420393 -5.467780941076041 4.345662544608733 1.5952195900383401 1.5228234393355398 -0.35033531821073427 -1.2409223986327018 -0.31524789996797464 -2.5489591946166468 0.00022508689711292496 -6.839353656655707 2.039617870596296 -3.5785315201667496 -0.8153137373578155 -1.091947267873335 -4.163868883985416 2.612882215495659 7.056018843903822 -2.0581478169477654 2.4282124079073535
172 688 0 0 0 3.7198493737834717 1.045402299507373 -0.3069504006175151 -5.3631766976755095 4.213305252555098 1.6257116819616453 1.6177550434339623 -0.22346235548214724 -1.2897705284036103 -0.26580793942121506 -2.4621085810749084 -0.15035775169045204 -6.828560432835237 1.9417258913336888 -3.890141553204407 -0.7820299439819213 -1.0630876876972057 -4.087343036495051 2.543499976210613 7.134724335540227 -2.0670128396283536 2.3788079440349117
173 692 0 0 0 3.6265431247557034 1.3545179781383165 -0.4127520342777672 -5.293425826235073 4.09654306990133 1.381912117822672 1.6100552409065667 0.02481092718298178 -1.2741849064172261 -0.22370842430977297 -2.3845087460553023 0.08839413541154265 -6.824695186496649 1.905313818880999 -3.806526002355249 -0.8907757104205397 -1.2186632007403508 -4.091732336397098 2.403711525821473 6.730057024578165 -2.3388564124098963 2.323544533559719
174 696 0 0 0 3.5054821353497356 1.280538086316546 -0.25287988578895804 -5.303528456455742 4.189482542337736 1.1759958356019644 1.6276788535430071 0.003498581137114154 -1.28823176912913 -0.25246887394229073 -2.1921246862867187 0.20348727276894635 -6.887046382311235 1.8475767876727989 -3.7993447673845546 -0.9151845170077249 -1.2586535277942124 -4.110573911892969 2.525854354361245 6.486459658314807 -2.6956873386084563 2.3087333137043715
175 700 0 0 0 3.4633479335661796 1.4728770308388022 -0.22479665230435614 -4.9338312828486455 4.118964169921278 1.2633708734105205 1.6056130583808548 0.08096790609351925 -1.398426439336522 -0.32334497515639293 -2.197101816302774 0.16794457385190772 -6.945033764933806 1.8117479351238719 -3.649841507364556 -0.9799724615427734 -1.3557872845086711 -4.139386070794921 2.541827187760614 6.580702961027024 -2.6776675403617323 2.3760756861007737
176 704 0 0 0 3.447290417759128 1.3215232770257568 -0.10018083516571138 -4.953123856445088 4.131403859038543 1.3099708688587761 1.603450566355557 0.4157379041853356 -1.1234848451691075 -0.40369212068621785 -2.2710756154235208 0.20510032783586743 -6.976363007350409 1.9114902352988299 -3.5579387624686913 -1.102017743025751 -1.3938435745650086 -4.160099887660826 2.4654007043952593 6.5736640562251285 -2.765595491439426 2.336158763076222
177 708 0 0 0 3.33692082537182 1.408975825194592 -0.24471345693233726 -4.762258906894061 4.022979725911017 1.3333170985853662 1.528549547325067 0.5054962467345604 -1.1102662743413563 -0.31623796067710863 -2.2876908782748733 0.49599043128216036 -6.900680465366695 1.8785151296378197 -3.2306667679223815 -1.0152660143452445 -1.3998916382244688 -4.061241896852852 2.400289430325913 6.462044642611931 -2.7670576682650125 2.4032696562265237
178 712 0 0 0 3.4322680378762787 1.4768333209553655 -0.20531280343657582 -4.677794892397402 4.10061915898217 1.2774167637790244 1.5351885252644804 0.2577213492685059 -1.0103189272845998 -0.3022680157925462 -2.410731671307753 0.44946531879630186 -6.946451709309855 1.7966520707367264 -3.1855871425676723 -1.0868651963616562 -1.4858847815652927 -3.9942596625238087 2.4099374266629687 6.350735746780865 -2.86861162468435 2.434860613779739
179 716 0 0 0 3.4751856580588547 1.614601114079306 -0.2753471225222834 -4.706622902830022 4.002882364288449 1.3757833859804451 1.6569526864631887 -0.020070555105949628 -0.7705564184893301 -0.26402824725739343 -2.459332539888342 0.8065468943694118 -7.115875009769102 1.7731679202315103 -3.479930386547651 -1.1058483367653498 -1.4344141400276973 -4.025225814408248 2.3356784682124876 6.524999933942745 -3.4164152157868197 2.431268767348708
180 720 0 0 0 3.61915489151668 1.5607947799115054 -0.17033813763950648 -4.870966876189015 4.089335602202184 1.4208407298841186 1.6102798234584017 -0.06829625329336432 -0.684732549621638 -0.29487727795721885 -2.537170599904496 0.9435311787568444 -7.043673972647464 1.849401478815928 -3.4216863550866603 -1.1087626586142592 -1.4255546104270718 -4.162373133643519 2.4310287622746563 6.551909586687682 -3.368709308418607 2.464822520582636
181 724 0 0 0 3.8506956366117953 1.5216324745334444 -0.09019876551649843 -4.686718366540841 3.913079720012351 1.5523409276802227 1.7732770105706122 -0.01575581348574713 -0.6695766251196291 -0.3465924644613532 -2.4587525391886285 0.7066579906033347 -7.052828224654085 1.8951290869223647 -3.428889163887569 -0.9901458081341845 -1.4801022769890575 -4.109158175119869 2.443176812703024 6.576528484262225 -3.5113219438915855 2.541810239151802
182 728 0 0 0 3.938653766772697 1.327613048611257 0.10374442677602179 -4.352473612716252 3.832029121131546 1.7146865979917958 1.8508246149414267 -0.07745400427284596 -0.5857241749810842 -0.4161668483641278 -2.451826870316441 0.6116449467572457 -7.101634539760448 1.9348318291561981 -3.406860713919531 -1.0219021691368086 -1.4708227123885818 -4.1386814176978515 2.5760166606846004 6.746422932983302 -3.3496575721047934 2.4349552305329203
183 732 0 0 0 3.7373861239309147 1.1578393025193086 0.23208067863156218 -4.707082924164235 3.919219539655187 1.6344365559385459 1.9756774382489803 -0.7542904553640429 -0.4904118866081953 -0.36944195687846915 -2.5148168225992436 0.48134489869372254 -7.091149781906405 2.0286113031884003 -3.353147293395988 -1.0510332810345115 -1.4656231399906232 -4.19603441378056 2.640592841983335 6.889007422340605 -3.4221628526363492 2.364342892852929
184 736 0 0 0 3.7929211653844344 1.1496485143534694 0.29739288056577284 -4.648989104309135 3.9248266729300045 1.4965818420740662 1.9632891707852314 -1.068304540742082 -0.5032936954754038 -0.32833112794627184 -2.5868737987953416 0.31689368363177706 -7.0230995453376375 2.0179922180553693 -3.39623536414152 -1.0684649517220792 -1.5717351646972277 -4.337856089108987 2.5310115855604556 6.909789690889532 -3.256068211744991 2.4105536459169943
185 740 0 0 0 3.871564295370063 1.028330071687307 0.2533794563555079 -4.2202579535130225 4.012844203138006 1.667001792003938 2.022136848720814 -1.1262036808327471 -0.5485553850100319 -0.4257460495468836 -2.760426003571817 0.21998317053737673 -7.0420433828994735 2.2071269050111257 -3.2580741049526765 -1.0277820189261355 -1.627592818806355 -4.405096132479368 2.5808930589542474 6.886835829946569 -3.2753771789712784 2.4201627273741964
186 744 0 0 0 3.835394479012362 0.9655842776797683 0.07650918579337485 -4.121420536174174 4.095231615973326 1.6781812934585165 2.1368055395181575 -0.9007453232063971 -0.6328292669595423 -0.5109631562006962 -2.758065685635335 0.5888415248126478 -7.030114745855216 2.0702088968862213 -3.461887629274018 -0.9068122222269075 -1.7328503792359813 -4.62583148366255 2.5648627097524264 7.029203177788215 -3.164115893457223 2.3940297619951036
187 748 0 0 0 3.9954113926422146 0.9006145057670397 0.28393773542633877 -4.040017074567369 4.134167708049926 1.3201851287384923 2.191416243937434 -0.8061048484526465 -0.5532832239895955 -0.5669664118043836 -2.8180110321909972 0.8996426773064355 -7.205230549630359 2.235819159478181 -3.6627682396737575 -0.9697395721798239 -1.6643965793320143 -4.577202871901101 2.603909540934627 7.24488973640859 -3.0780905592178254 2.3821242965015657
188 752 0 0 0 3.890338330441351 0.6869571955660417 0.3640650659836449 -4.107317503394339 4.145928563225833 1.299775214584462 2.2863468961501265 -0.7080993918619994 -0.4098073726011876 -0.5017322410792469 -2.9633102551899815 1.1771853092257505 -7.182166350823174 2.262358042012472 -3.687576292913418 -0.8927124289330053 -1.3624529584809415 -4.53439970173892 2.5412313865797014 7.092498942410539 -3.1806257733377077 2.405287713760101
189 756 0 0 0 3.973052611444958 0.6600183968382349 0.5500764167794281 -3.8369001760398196 4.055620306566087 1.3036382586487845 2.3106098970219207 -0.9818706684511889 -0.21648126074625335 -0.5813363980572469 -3.117634627627505 1.3347529540127867 -7.142859971214297 2.2483323008647322 -3.7065801015497266 -0.7652942026655631 -1.3626434807202437 -4.391727321060038 2.4746828905159233 7.256906542268052 -3.3838353890990347 2.5249092003545317
190 760 0 0 0 3.830716851481336 0.8114475267794018 0.6546664524104829 -3.8067781875597615 4.001555887649488 1.151113295644885 2.2800687976807823 -0.8788110811653597 -0.3216875521990556 -0.5694315758695492 -3.2869947224756677 1.4348516308008632 -7.097624987054992 2.3604448982955284 -3.8316226394971817 -0.7780996815594509 -1.5892494196150226 -4.397362326177805 2.404095747472924 7.504878592454386 -3.2929051002375176 2.4478226608414064
191 764 0 0 0 3.9626839945267274 1.0277581526381518 0.6281951985530776 -3.7695701363259477 3.9567559462585007 1.1446813581292743 2.515788753078768 -1.1391120342818164 -0.7576059098876163 -0.5036400587709574 -3.2532636119602274 0.9961426113492051 -7.17007605580736 2.426551129243842 -3.8571113286786916 -0.6699032211927328 -1.5629826829271418 -4.331154718427761 2.5019940626739454 7.494954256404304 -3.2316645015295435 2.344546376800082
192 768 0 0 0 4.106332923554637 0.7722605083455498 0.7740559672969436 -3.400886605068531 4.3356101552914605 1.364925361305 2.5987623491759844 -0.9072423227751855 -0.46114558838528574 -0.5733334737397527 -3.276270263282962 1.4723487632430299 -7.172648474393954 2.4416648212740757 -3.761468439339941 -0.6164910450634806 -1.6961544664603383 -4.274704451249618 2.4999086811417817 7.39502541687771 -3.83582312877809 2.4329032133863886
193 772 0 0 0 4.0700779149956245 1.0802362908702474 0.7625614946444716 -3.4423859429786603 4.12768675151254 1.2476000848209647 2.623588751966932 -0.49035434075652257 -0.4512569264811322 -0.620649248694262 -3.3387996343234576 1.2009933125001677 -7.220669474036756 2.267748241600487 -3.7882374477222664 -0.483695760792802 -1.711234277641277 -4.245146569391895 2.4374054008169526 7.86356224770809 -3.576952902014469 2.649286663424559
194 776 0 0 0 4.1067561798093495 1.2953072532019727 0.8978192976451136 -3.407565264017094 4.142370765124376 1.4153683778599258 2.690874452578419 -0.5174219793388287 -0.6192655163034736 -0.5774570298117334 -3.348787333095679 1.383215001502121 -7.22179906374493 2.3462869817182597 -3.7980827282110408 -0.7838859718186691 -1.776161506863183 -4.260457604024876 2.472116920553625 8.300411032381986 -3.9224325951458434 2.698275704857267
195 780 0 0 0 4.236272591135724 1.134816269127279 1.2644919762505602 -3.395350972904579 3.805393448781586 1.2129320671200494 2.701565205499275 -1.3810799236114963 -0.6051411163833711 -0.5055201865569497 -3.3784566626468377 1.3342676708810455 -7.23710599812604 2.352937603199983 -3.878777628152986 -0.8549411678423011 -1.6418244742634358 -4.36375798196212 2.417256735546527 8.203173157323551 -3.6346809933129016 2.6884898804978277
196 784 0 0 0 4.292417979359467 0.9711618222142258 1.0197610586574648 -3.349814159042169 3.5726962298642735 1.3200335971412493 2.9033326389119916 -1.3978669774736576 -0.8771515763733587 -0.42164578844060696 -3.235215247422224 1.6841661997795248 -7.477303638605844 2.3996331193257685 -4.025898461110772 -0.8631031487342684 -1.421654626424821 -4.6496355007979275 2.424260817774116 8.07935869650559 -3.7114161566735717 2.714402151420244
197 788 0 0 0 4.421475256111553 0.9490685716285974 0.7113078282871343 -3.405119019749198 3.522137965980111 1.2953319039349052 2.664097249622988 -1.2381770416731437 -0.718726305792935 -0.3542959537137861 -3.5062709604544575 2.018928228936695 -7.655332546876111 2.3781897190254377 -3.8309357814041967 -0.7006366664827627 -1.4506786234561189 -4.542525330471128 2.3643611173261747 8.05712693445033 -3.880609728097628 2.808514400121821
198 792 0 0 0 4.697988817818801 0.9083422212364112 0.5165122878738087 -3.2220861309709523 3.581717517910522 1.119114244756294 2.742985252512767 -1.368300766213388 -0.7706336441909143 -0.28934294516364534 -3.7089412134290907 1.7441356902703569 -7.795664878701497 2.5319281394749544 -3.7162709915419008 -0.7865146076403845 -1.4733790854209392 -4.160021147354871 2.3791849821107154 7.582609491638205 -4.013448254550595 2.892681659173192
199 796 0 0 0 4.849794471253707 1.1423185227574595 0.517773906466638 -3.4273948403172865 3.814515324145863 1.0777987687814927 2.6977915093568745 -1.7385137467033935 -0.7350579121465286 -0.23785353118609198 -3.5191383736520736 1.3372936540072826 -7.7789478775567895 2.434803641955728 -3.78421644972122 -0.8010792590914164 -1.337784445749451 -4.171996682732153 2.346901936416401 8.006200725186122 -3.8633689353283387 2.8819390626961594
200 800 0 0 0 5.133949899216186 1.683271925692288 0.07410467429611056 -3.353950403409895 3.6252577141089786 1.1108853630652875 2.874987985900889 -2.755897820626848 -0.6182505886881497 -0.4055870904527961 -3.2568863676099555 1.2805120665294643 -7.580350701752134 2.481319750648723 -3.732575146383911 -0.8340539809826114 -1.2974511196022658 -3.9874284991908056 2.4354193432760036 8.042344353190305 -3.4524453070777 2.818868595127858
