% # columns="iteration, evaluation, sigma, beta, void,  sigvec==sigma_vec.scaling factors from diagonal decoding", seed=1752487760, Mon Jul 14 03:09:45 2025, <python>{}</python>
1 4 0.4663908570671235 1 0 0.9901118406934518 0.9918288815780744 0.9712877795502202 1.0047700002662865 0.9816997843394393 0.9905384939127347 1.002634440045038 0.9887296630108177 1.028465618154434 0.9840175737496211 0.9970933318193875 0.9964428991897878 1.0109502153542176 1.0013797864030285 1.019482114330168 0.9929281779809429 0.9713335828087828 0.9748852021511122 0.9988041706996946 0.9887178939954044 0.9840874378211953 0.9919349658402309
2 8 0.4364999880925108 1 0 0.9814973928098458 0.9869725321722628 0.9529345991742011 0.9985104638023238 0.9848770707245628 0.9835484343082279 0.9998450206515364 0.9802166778775887 1.0247155742731904 0.9640639368225264 0.9776078374602926 0.9788692709856495 1.0339239089071028 1.0119915905250134 1.0165285819562457 0.973215587378564 0.9668046083265935 0.9697108921325727 0.9923573507989764 0.9820429722414096 0.9762726520933799 0.9710114643392614
3 12 0.4114138781461166 1 0 0.9687882628787542 0.9711852118368812 0.9517612286747328 1.0114626513333491 0.9861130273047469 0.9772722953223697 0.9933011913937402 0.9721162497769904 1.0120833833282288 0.9531620791083936 0.9799393184553465 0.9758525560358048 1.040711754284402 1.033089914430284 1.0078164058063719 0.9703113930373393 0.945794602034266 0.9619098827353475 0.9880999489282493 0.9609055781154667 0.9712138050763515 0.9546136797822943
4 16 0.4069601948248282 1 0 0.9931314419235068 0.9654300742519877 0.9686499857604999 1.0490373090133418 0.9915125945145035 0.986408453611023 0.9837581974990962 0.9643352746102597 1.0214981743836071 0.9436390899716147 0.9838268195301958 0.9708670476863783 1.0381054456880645 1.0404422276395981 0.9947470279286261 0.9621466571892632 0.9619343577620928 0.9570065923877075 1.0107816323206114 0.9856400153411139 0.9512414238837248 0.9509791886113012
5 20 0.41157661253033717 1 0 1.0233688915773707 0.9519884965675982 0.9769728810877776 1.0490537407467269 0.9948360052576983 0.9986926580651524 0.9823462361916134 1.030144638917665 1.016314339665999 0.9403990603089313 0.969351961109702 0.9953435130538278 1.0313365624702955 1.0510306195341932 0.9888386352424127 0.9595794935622746 0.9628928127593321 0.9500594983037519 1.0219984286919137 1.033165194303839 0.9465127551751795 0.9409582384949836
6 24 0.4183580808098298 1 0 1.0762254514668308 0.9542380416098842 1.0199523996149884 1.0548737103294508 0.9811325748758042 1.0435573186689262 0.971644266558007 1.0434969984896976 1.0015438969663057 0.9410202394807992 0.9442089284093884 1.02506478530416 1.0204087934181292 1.0458714578479291 0.9799110048172442 0.9468940909543185 0.9518155546242902 0.9573542574084708 1.0282880084340595 1.0509198138237137 0.9413826589129957 0.934184371333482
7 28 0.43562975919813607 1 0 1.1463724739714276 0.9627248068124553 1.0246218218885093 1.0577550973088 1.008420439230436 1.0897030363507563 0.9681597913764417 1.0362403346631641 0.986081204126806 0.9363973130788097 0.9579436319925928 1.0329634745142724 1.0091641732939602 1.073239131389226 0.951289959606983 0.9481223178534339 0.950362003834732 0.9628280278495959 1.024890700121911 1.033052502808998 0.9318614620052879 0.91740829438104
8 32 0.45445911194230265 1 0 1.213286431862344 0.9584037621003708 1.0546562677532394 1.0604415777578913 1.0133197512278003 1.096765992577507 0.9676474686605876 1.0422189446715466 0.9700861523355179 0.9194353208783901 1.00834802966218 1.0302198679159913 1.0015676816069334 1.0772825134832242 0.9799768949491111 0.9434059420766153 0.946032627257796 0.9793067964488327 1.0276932104449772 1.0654978437428322 0.9117944101792823 0.9177809477216622
9 36 0.47404756402611403 1 0 1.2512820390822001 0.9445417774169012 1.0883478109942093 1.0559489560117266 1.0334162961180342 1.104964683661199 0.9569808888315293 1.0336447431705678 0.9854268563850636 0.9475799771590948 1.056805230342568 1.0078894797388838 0.9933416427719725 1.0718672611404936 0.9828586708543133 0.9354918913983793 0.9417330563810857 0.979145858408043 1.0187870244372006 1.09734026381663 0.9183565641171595 0.9071216324987972
10 40 0.4836751923590906 1 0 1.2052397008474862 0.9417103926244655 1.0922929081758974 1.0631871167622038 1.0607585474857815 1.1131044429421484 0.9509040443700902 1.0288558515302813 0.9948620478997825 0.964005596618624 1.073351157197699 1.005547907930492 0.9831885803735314 1.0488819784250896 0.9951388428642699 0.9246209177708659 0.9365287088309494 0.9719313054361557 1.0171212687534135 1.0962917731597712 0.9220761947182586 0.8995181603920206
11 44 0.4942010917629505 1 0 1.2354640414987736 0.9200419479610622 1.0754087775813492 1.0519117776822529 1.1010051105432894 1.1054379772292253 0.9461270315990012 1.015932996372954 1.018574721228937 0.9909434530309531 1.1201194247859996 1.00232868577736 0.9728039954289285 1.0469897468724314 1.0038470439440965 0.9176514606808737 0.928966217632272 0.9627909003160915 1.0066940961282587 1.0925903227760956 0.9178596128956119 0.8820011851529066
12 48 0.4973122324719751 1 0 1.2222083463308262 0.9210722256049464 1.0772311854563537 1.0454681771029561 1.0822803699641723 1.1516111844724546 0.9402683141796354 1.0118720342490661 1.0401397912578998 1.008068365394218 1.1216928071685495 1.0168793311943252 0.9645378913212821 1.0750804210888436 0.998746918320842 0.9083388174827167 0.9194872180434241 0.9548796176624316 0.9982651043302696 1.0745917630030186 0.9161256440176531 0.8751140272856297
13 52 0.5027896268859119 1 0 1.2148308278524855 0.9393615736937787 1.0585132487028464 1.0319776916263639 1.134777853830697 1.179320473807596 0.9279783546469569 1.0045441957381882 1.0658114287828768 1.0049686895351158 1.1108034582644999 1.0513442635828725 0.9591433012684734 1.0755591379147837 0.990426010870369 0.901058960125 0.913383036672172 0.9635960433976667 0.9906007075426123 1.075036796438696 0.872562051426275 0.8777657756224496
14 56 0.5024082522765434 1 0 1.1876243413832102 0.9403896044410089 1.0660973930448843 1.02686159724941 1.1366418307381998 1.2171599685277867 0.9232688261393036 0.9954651453606909 1.067071111779117 0.9962969329823993 1.109298949726801 1.0670560159088445 0.9543804077215264 1.085277179516474 0.9778005811131554 0.8902680321178257 0.9074849062570772 0.9625823918964873 0.9842597921737992 1.0731386513467625 0.9340465239081044 0.8761293400925669
15 60 0.500940103578832 1 0 1.1805884007535699 0.9252856936250236 1.0516355236574877 1.0045572331612893 1.1583375298300724 1.227531395846434 0.91681975056713 1.0132447807222262 1.0834617036959582 0.9827240850290699 1.1280012558767103 1.0606842372663283 0.939869170390509 1.0729234685443219 0.9685519832529645 0.8879927125030346 0.907454753298193 0.9564663491237414 0.9835397774276508 1.0778428341534785 0.9750015937695219 0.8770624604973574
16 64 0.495358228611566 1 0 1.1719616795276195 0.9261649454380319 1.0487521434171203 1.0037262938746097 1.134211760733356 1.214516123927789 0.8939939932723183 1.0068412186963955 1.0774867546711606 0.9716914773475184 1.1262602665253 1.0518405247404818 0.9387150225550385 1.1390920810688971 0.9498980003249758 0.8741059239609883 0.8851815100425329 0.9436004026682822 0.9688220252475807 1.0700571286586398 1.004752876564786 0.8653548386916056
17 68 0.4804287184382757 1 0 1.173884136061258 0.9196013127138589 1.0452972159868479 0.9958418108946108 1.125732015914076 1.1804617625155764 0.8997971558295274 1.005823723483309 1.0620136479067226 0.9700555621355899 1.1280113140627248 1.026981991040319 0.9339821847548742 1.146349504745812 0.956064875109224 0.8572556655438662 0.8843353344936591 0.9372031736856803 0.9628629339828271 1.0608182067249399 1.031188589225242 0.8427975159992555
18 72 0.4710364169397076 1 0 1.164923343406871 0.9128068335652232 1.0295404861231154 0.989338857464526 1.1483389085461586 1.1842540329495488 0.8812204392656163 0.9949273024061227 1.0534780823548668 0.9604557712095818 1.1072716542158347 1.0344049060947067 0.9287442040839052 1.1691339792625814 0.9448286696728868 0.8745187407052346 0.8722852963867245 0.9339762541410527 0.9623727621584954 1.052526097425965 1.0240249672387969 0.8578435597990239
19 76 0.46134380070023934 1 0 1.1522977694549352 0.9088505645644586 1.0147317118150747 0.9911078074414834 1.1549311301670544 1.2251815988287758 0.8979656314957547 0.9877399802384752 1.0440101043574421 0.9375479842388986 1.1103701027075468 1.024109068215156 0.9195062948366687 1.1622955798421704 0.9457341940674026 0.8643446881283651 0.8716234161525657 0.9349758281297739 0.9663691595837952 1.05203862125239 1.0197624533265819 0.856225154709231
20 80 0.45732816246647906 1 0 1.168383641331825 0.934348143425443 1.0150842918110414 0.9810338579832972 1.1495466427004037 1.2490336863890124 0.9204171751074826 0.9920261093777145 1.043786698610735 0.9454703990519004 1.0942224383830563 1.0065838542667815 0.9178106613410356 1.1488459261490978 0.9457171967708772 0.8634904402426354 0.8685330468072879 0.956984279208353 0.9353878353911713 1.0259663954671385 1.0162491639564175 0.8423020176460589
21 84 0.4652771711730822 1 0 1.1861628442640921 0.9626334282093507 1.0212970649805633 0.9844585669031608 1.1539295421079412 1.3262894422791407 0.9300098680954081 0.9862027984273564 1.0416352118052963 0.9364836261107657 1.0962634831580964 0.998856050201245 0.9288505468973791 1.1491074942013895 0.9401703700358316 0.8572061451699653 0.8716276692365678 0.9953867025407652 0.9330691940041494 1.0213514107336192 1.010810464694 0.8231197226076921
22 88 0.4654444763126088 1 0 1.1612486041844248 0.9718729217608348 1.0279444055188938 0.9729152211284992 1.1351998688092864 1.3488460762824512 0.9683060895790858 0.973561204019925 1.0374265339981372 0.9308424643513705 1.113785101106427 0.9835988880476408 0.9156557453928135 1.1424522416841498 0.9388821431814065 0.8493022516074475 0.8699584996080496 1.014041453099173 0.9200882970332256 1.0065667069656863 1.0066713690862372 0.8250805802878297
23 92 0.4626968552164442 1 0 1.1663774514954635 0.9608843000533082 1.0485740814319544 0.9766110163469441 1.1313700055559348 1.3492869233520415 0.9940926478253674 0.9620307941021905 1.0461091496199142 0.9157640942629127 1.1130849560441392 0.9703234811039961 0.9125121522133339 1.1336491321527455 0.9299560277500555 0.8429997316703672 0.8670956339785093 1.017366301525597 0.9254559039248865 0.9647812326557255 1.0056719316020823 0.8271555483101299
24 96 0.45898220756755287 1 0 1.1597152425675827 0.9388761570923547 1.0601865115762412 0.9730839865095796 1.0707351789764306 1.3388243556656632 0.9902552892155965 0.9555085168333818 1.0383000628657546 0.9067590868873614 1.1309324886902135 1.0175797097825943 0.9061725457392168 1.1211323819606107 0.9261852760757863 0.8320924885608332 0.8611177848755861 1.0199840356281777 0.9224871840859953 1.037011669766086 0.9922023450125562 0.8243209720422993
25 100 0.4597188739237247 1 0 1.1794475365275638 0.9334770650310491 1.050118900638156 0.9507212341413185 1.0706115597619423 1.3338400126154553 0.9832527733767648 0.9484060270956483 1.0164102774991044 0.8985180478890472 1.1318374974655523 1.0303208875267007 0.8996256278055952 1.1335135170749648 0.9198288565220382 0.8285229243538402 0.8548871733156986 1.0213187281944485 0.9213742379647116 1.091136868234601 0.9829840306389901 0.837780050317589
26 104 0.4629797968550235 1 0 1.2495317749849149 0.9250555395526574 1.1530241342915144 0.9456981318410318 1.0593384216393844 1.3102130582986748 0.9684069963965174 0.9344701604158002 1.0151555914273038 0.8906340715570963 1.1187981850553228 1.031967619897943 0.8964375360099954 1.1225737678216567 0.9246827001945833 0.8246401506852099 0.8573282345591984 1.0201287230080094 0.9260643832379111 1.0966056120690848 0.9873166617869792 0.8391710910284623
27 108 0.4645590213524594 1 0 1.310340067433506 0.9143772016466253 1.1838325576271356 0.9400954865668084 1.0514888298663057 1.3022119599917945 0.9808277262559236 0.9401777784986041 1.0096204183009083 0.8848887769501201 1.1108332480686012 1.005329441033163 0.890224479855182 1.1140891267559576 0.9074798143086011 0.8223951289694198 0.8593973623374179 1.0157326742877593 0.9610080011508835 1.084998921260315 1.0164753512643347 0.8326009219776461
28 112 0.45127214795546317 1 0 1.319601074492279 0.9241540992141363 1.1742770326728353 0.932756797933898 1.0460896838964995 1.286871415757049 0.9754331618734968 0.9342349804823809 0.9859512319212315 0.868298081215171 1.0906216644476066 1.0301967798334097 0.8908665015714147 1.080281971205039 0.9051996054272803 0.8222952039203696 0.8403398283048993 0.9964696244310085 0.9599274681421284 1.0789505938045771 1.0220646731066683 0.8387725207390896
29 116 0.4447121692545271 1 0 1.3134920996899384 0.9402893177035636 1.1724356143895014 0.9299439125914069 1.0418912965009044 1.2739691912816373 0.9697949736430042 0.91207318890229 0.9911341366758515 0.8734984995385319 1.1166681448875784 1.0247037549185694 0.8971055786483556 1.1285169966462796 0.906756889821975 0.8170604719136172 0.858538755188572 1.0121202127662396 0.9490222144738066 1.0680717019303405 1.0266827499717668 0.8346353029010454
30 120 0.44206887023796976 1 0 1.3116486774163163 0.9490447904164048 1.1685948367581234 0.9260303216581185 1.0311531807059349 1.258831055877334 0.9673659946888786 0.9283132405321176 0.9839004499298555 0.8738100652444329 1.1452709963277499 1.017623217194775 0.8921904304825811 1.1291645458687019 0.9123531608696708 0.8125373657438798 0.8702577311918214 1.0091288703504668 0.9308729041368479 1.0548308839666625 1.0892908382700388 0.8196387192873805
31 124 0.44725954121653677 1 0 1.2999886841385475 0.9484057004662718 1.2234434577060265 0.9405788797643932 1.025706479353132 1.2306338453224557 0.9540033514757641 0.9413767979368095 1.0037717720828683 0.8814313305511464 1.1271716863709933 1.0206511071855873 0.88942613591047 1.1268943262153088 0.9083960266305923 0.804816920458882 0.8646127793504641 1.0106115819363826 0.9071889549812244 1.0536592496042265 1.1843772855080665 0.8188686600697324
32 128 0.45151355141002986 1 0 1.2901136092666123 0.9520373854612942 1.2133389394604226 0.9364786136912827 1.0192642647810743 1.2471642162180643 1.0014652623962075 0.9412239999525911 1.0113911451187623 0.874749511669615 1.1721689386250516 1.0133052543642203 0.882967660277186 1.1215206968535685 0.8995505639784322 0.7996392760366244 0.8537279206980729 1.0047564173122048 0.9150005631773248 1.0593421762893427 1.2500702424197645 0.8427225353086207
33 132 0.4542819147504384 1 0 1.2816490055445198 0.949197567338769 1.2482760301086377 0.9311881591547072 1.0126038654740723 1.2059223570870745 0.992542432392083 0.9117336208172473 1.0207936575414358 0.8751676908842803 1.201911088663484 1.0042462057455517 0.866632135720637 1.108970731760671 0.8933789562142508 0.7921112289727441 0.856739441144259 0.9981040740316508 0.8993148246253504 1.062561899301211 1.307959244853364 0.8321578026849367
34 136 0.4684614192687665 1 0 1.270713234489114 0.9435770590447856 1.2839248618477521 0.958961037775582 0.9808529186101959 1.2315981984052071 0.9828907498303803 0.929089431273029 1.1185325807894262 0.8588061094201241 1.2103128550649325 0.9929049281550149 0.8641737705674086 1.1014650703146738 0.8876758602752038 0.7711222825968643 0.8531325595996296 0.9894452717593748 0.898103559797846 1.0524417852880261 1.4387229088871292 0.8566174927497147
35 140 0.4836963094873428 1 0 1.2549507549392092 0.9360566731775092 1.2753909003974666 0.9794382055912176 0.9762078366816662 1.2265441187227597 0.9827690732231168 0.9312341211588309 1.1833957342553385 0.856541878686861 1.1945161206921768 0.9709506444312943 0.8555423194311659 1.0838968358417596 0.8821362128003678 0.769456749743178 0.8451388650002853 0.982658836881723 0.8867992310356122 1.0790894553601131 1.5509233118855452 0.8696225343417852
36 144 0.5000521576169326 1 0 1.2592923550154584 0.9145590202398554 1.2901596282769399 1.0312843153860158 0.9816632807743287 1.2202293779976163 0.9688477620799147 0.9246379901351716 1.278513729711392 0.8469727888295479 1.1819705157180027 0.9550988232921057 0.8563470478639738 1.1536744460106465 0.8627035565770251 0.76281241688518 0.8470542850436766 0.9717808742909535 0.8811144257105213 1.1911019973135974 1.5740173908965562 0.8665476997323518
37 148 0.524624337008156 1 0 1.2916096341970704 0.908809744241616 1.2935284343611173 1.1364406152665552 0.9776390323499466 1.186463567384105 0.9725001977111081 0.9095674499756722 1.354341743176303 0.8478606815404277 1.1647512453935556 0.941914601971104 0.8989161476144991 1.1600528077081298 0.8586127463720851 0.7397761537115232 0.8642418314507412 0.954681407358503 0.870434753169557 1.2395410092491432 1.5816753842061848 0.8600556636556754
38 152 0.5501292817732617 1 0 1.2937270984245341 0.897044499111965 1.2820289966542975 1.2416721267691144 0.9668486965371492 1.1768282825874523 0.9639478482549669 0.9082908852196375 1.3554197800902892 0.8305144685306638 1.1453684074659984 0.9833295598428246 0.908690038576008 1.1521415869231861 0.8468942218467096 0.7426074641458917 0.8682896147866319 0.9602972997362084 0.864693927193463 1.2620533218214107 1.6523108519021066 0.8535438715635719
39 156 0.561346789634336 1 0 1.2823928153891802 0.8910473219461578 1.2683459807228843 1.2709486303153155 0.9547506444805103 1.1675412865552248 0.9681461357435972 0.8999606614354716 1.3523806204640585 0.8233865360483775 1.1420108009217236 0.9982668471253049 0.9033733002050341 1.142785417645801 0.8432583320953418 0.7357788104829657 0.8617278029319942 0.9633090591393879 0.8605988326046607 1.3211539878561436 1.6730629551305676 0.8442114765660017
40 160 0.5594200584029928 1 0 1.2812578749756447 0.8864974158027716 1.2505265434441128 1.2934035754799695 0.954622648598682 1.158643740264025 0.9647362808951889 0.9047052446366188 1.3515063383833401 0.8216601073514653 1.1424800707022342 0.9785143763862039 0.9096230257414674 1.1513471389992065 0.8465327417243264 0.7365182026901081 0.8522882663118831 0.950705832999373 0.8500285527134251 1.328714591040861 1.7015069521120285 0.8341245500161172
41 164 0.5637746210172049 1 0 1.2712952931637582 0.8814070788690547 1.240559281142142 1.2851972205760755 0.9585782092316796 1.151942944223229 0.9695225509228892 0.9140159054509702 1.3444024304486057 0.8201967453286203 1.1407955066013489 1.005098138730801 0.8965957788918497 1.1431345710404701 0.8477491701210803 0.7324149266795228 0.8357944340820227 0.9371761852056407 0.8616958271053533 1.3763369061250004 1.699749498319176 0.8333601650182174
42 168 0.5718095180012669 1 0 1.2645282401800606 0.8672773955077573 1.2408934754310006 1.277056056686879 0.9473234329596921 1.132615727669217 0.9875633880967059 0.8661522704679594 1.3323297913490164 0.8133843405537622 1.164018542745667 1.015142425678849 0.9209610486759996 1.1386963736822966 0.8313948043081664 0.7263562356338014 0.8375859136580265 0.9321140792597177 0.8501129110083538 1.4668896102766145 1.6627548501342262 0.8367789286600626
43 172 0.5707597117840276 1 0 1.2524024046184035 0.8646990108010026 1.2260174192795623 1.2654597554550615 0.9068948554337282 1.1248967066358273 0.9805507250891206 0.9212361017130352 1.3202510886662076 0.8036634912917757 1.1579707169156885 1.023787721090279 0.9353572705903545 1.1109727657170196 0.8169369892993296 0.7185999405357423 0.825135215177167 0.9291651614920435 0.8423053004522191 1.509170694590879 1.6616230256162003 0.8315616334340168
44 176 0.5850731484682732 1 0 1.2340364418903385 0.8527673857995327 1.2018435679204889 1.2402458481319918 0.9637674636454302 1.1115416110179337 0.9741791289687819 0.9825735249253004 1.3132273286851897 0.8020404417619285 1.1953454123629046 1.029430407302584 0.9374725749772677 1.114165439324274 0.8268083477945547 0.7139197249424193 0.8316358641638802 0.9212729638741526 0.8462913300313792 1.4927401680308794 1.659464186454146 0.8302780953952276
45 180 0.5933298152443559 1 0 1.2242966305592873 0.8462482464723916 1.1902419476186548 1.234646138630867 0.9735678690238201 1.1081244924688596 0.9685109346094976 1.0671151568878305 1.3030758685978177 0.7911200375397263 1.2084228354414428 1.0278661655854093 0.9529876911058425 1.1092669329906706 0.8302948856010767 0.7187735137587348 0.8484139027340439 0.9295754156325625 0.8437693391161623 1.478319964922495 1.6599890439529876 0.8528579154401751
46 184 0.5946578279114239 1 0 1.2170398985264188 0.8450833763095298 1.1758014610725724 1.235220684411601 0.9677051821697786 1.096767277599959 0.9661493596126842 1.0895074957131574 1.2909330962062415 0.8148691391931413 1.2386992247539033 1.0165178053063206 0.9469016447590499 1.0954754984908133 0.8392448378657901 0.7100071465452068 0.8561198791771805 0.9320850321789966 0.8452628299161724 1.46013591456052 1.643052647865697 0.8692571185523168
47 188 0.5925731588199459 1 0 1.2013000447410123 0.8341572145999566 1.1635608430876816 1.22662778129112 0.9702253987959183 1.0848522486894 0.9991525006935914 1.0974931287253349 1.2816075630112314 0.8208827353430365 1.259151730579345 1.0027666590566104 0.9420258947028612 1.0831985237457373 0.8352591601957634 0.6993603136559562 0.8509721101904942 0.9352602922290566 0.8364943921583893 1.4510366396861318 1.6177133876123602 0.8875299955228318
48 192 0.5857028236962821 1 0 1.2245559771887136 0.8268264442068542 1.1711552016725848 1.2175880990016401 0.9733496905626772 1.0746815053345604 1.025625066901528 1.091418730511835 1.265093480245933 0.8278440662732963 1.2511190816912874 0.9950692378240952 0.9374832873395318 1.0704118737363484 0.8273774879377319 0.694345863965689 0.8542051475169601 0.9312699723573373 0.8458540841357091 1.444034072527823 1.6028677085416732 0.8895203939448091
49 196 0.5715864872062252 1 0 1.2195161029752368 0.8230017131137246 1.18671874855038 1.1840360594492914 0.9621814938215549 1.0504607014979401 1.034216737554734 1.0889202462351562 1.274299555545586 0.8129097813297677 1.2951567542743976 0.9908541145309128 0.9288393929845947 1.0633336083958016 0.823483905388596 0.6924778241404026 0.8480430181416418 0.9137857417009175 0.8431081376060228 1.449716669984415 1.5881779279529127 0.8771284540858245
50 200 0.5513925491679394 1 0 1.1889024015290939 0.8033902682868251 1.1843839447205315 1.19635584677076 0.9480848180096662 1.0778936023464423 1.0213754691702457 1.0771546346045036 1.2703897678793918 0.8127335197285624 1.3027397392497617 0.98204129516436 0.9210570541215759 1.055117828706411 0.8162662701219536 0.6882153150520022 0.8520726862757356 0.9060014454833835 0.8330535889873977 1.4455397650022268 1.5828818686633304 0.8642331702436186
51 204 0.5399955513761262 1 0 1.198405905240465 0.8204574253150153 1.1759696235138604 1.1900502993322728 0.9488150140779527 1.0750864746560422 1.0218983244926139 1.0707357178427204 1.2778611858570776 0.8072893777221558 1.3015896060635197 0.9787984008412468 0.908248278496971 1.0445179128170394 0.8162994034375609 0.6870591326608433 0.8496036415416156 0.9089421671134882 0.827134722888541 1.433520577468449 1.5694280844748665 0.8661354143763099
52 208 0.5235025795157112 1 0 1.1983304132372732 0.8188006733045393 1.1622444014757458 1.1790650405704077 0.9427924630948132 1.0603925799814948 1.0132010319989961 1.0560921105209984 1.2679845407439108 0.8030533839541772 1.2915202754251123 0.9674873386695865 0.9198541920951171 1.0317948877498355 0.8086997021118949 0.6808109311497509 0.834027820086747 0.9000757720395861 0.8185292554416684 1.4833339254101092 1.5581056136703921 0.8640498340021081
53 212 0.5019154936209262 1 0 1.1894620217263896 0.8128469200102617 1.1633220016474903 1.1596143602840117 0.9470125481462001 1.0370692330859486 0.99652648697131 1.0513972687009785 1.2594137172980142 0.7994973763274217 1.2846529144563645 0.9646388039382138 0.9149141614402351 1.016310963359563 0.8037763646114593 0.6788076363052704 0.827160335855786 0.8938618892645253 0.8139403389638576 1.532965245140616 1.5345945520297566 0.8721601697512236
54 216 0.48697603989480825 1 0 1.1695471886958366 0.8061760165738855 1.1569801616337667 1.159695529911909 0.9376105465707136 1.1300195315119983 1.011296898088886 1.0374851150678102 1.2219842818367093 0.8000562004394223 1.274376124734504 0.9634301123135788 0.9038404249595933 1.0253602852796317 0.7895285501109529 0.6743700787750337 0.8143662376388188 0.8937152583976764 0.8194648942555112 1.5339635724170735 1.5289577988129255 0.875614131223995
55 220 0.48380540426473617 1 0 1.2027727491832299 0.8009716478327595 1.1488881327640639 1.1547967422533822 0.9480121971893392 1.1436020650617837 1.0235308033224046 1.0506112496110183 1.2078706743419456 0.7896149058151442 1.3071827491159784 0.9783460490005226 0.9237229968123251 1.0188729681484525 0.8006956965242201 0.669525207583692 0.80056582165001 0.8887771863300088 0.8130710413314566 1.5388970512856237 1.5189302632296124 0.9148391892162875
56 224 0.48128919807122583 1 0 1.2481830434320607 0.7936232888857822 1.1509249863435733 1.139953171091428 0.9405290746988599 1.1406136452195683 1.0122380643508508 1.0854787319057755 1.1995314368372714 0.8008637626293299 1.3061922274963613 0.9684644025132827 0.9214303273765503 1.0183372868891192 0.7970314230739174 0.6601101266383944 0.7967622429796721 0.8768231577318341 0.808161492178455 1.5689799457903517 1.498922581673849 0.9299753976339762
57 228 0.46784501624623953 1 0 1.286766129148989 0.7809312008679534 1.1462535319655929 1.1326552827555663 0.9504589900896407 1.1389385658766396 1.0013657253510069 1.0821332041669538 1.1827814041585984 0.7987921045263373 1.2864962755714893 0.9597362872467824 0.9192473567445315 1.0032758764125433 0.7893066894891758 0.6548737057381943 0.796443211124487 0.8792918024158234 0.7983847725592728 1.536399492014654 1.4999486118516923 0.9310901385602037
58 232 0.4441132421458776 1 0 1.286020041537454 0.77130427434235 1.1300351092271426 1.1281056039227404 0.9488767607784787 1.134104711930154 0.9958006631791914 1.0850180148349848 1.1635030624973537 0.7944628858931198 1.283302411395898 0.9425985063629165 0.8914179604094522 0.9906209041585786 0.787272131226527 0.6535910660028644 0.7898255176415291 0.8631566010866706 0.7958224353962235 1.512989758443259 1.495794202062106 0.923899333413206
59 236 0.4278003934966422 1 0 1.2709638420259848 0.7740958353377689 1.1317683002069039 1.1126679057850666 0.9693807887947177 1.135371922924511 0.9899492016046741 1.0617172411103868 1.1597083188972812 0.7812030926125998 1.2576799296616576 0.9306107896396228 0.8794332095636453 0.975165698492026 0.779156899940692 0.6626252290361172 0.7860377492241828 0.8560772553142111 0.795521384180957 1.5177061829438103 1.507532820994053 0.9010824098101758
60 240 0.40886176669481017 1 0 1.2698978919598336 0.7725511859241145 1.1006785517140254 1.1054547038440257 1.024090303004024 1.131579891939869 0.9821030766692814 1.057487657196534 1.1544126290286698 0.7710048641080577 1.2504282119142833 0.9248548411648913 0.8735197892749067 0.9791099025094512 0.761837875038964 0.6604219541486136 0.7821253868335258 0.8452750960743194 0.7832411593873235 1.480898672796381 1.496666825085958 0.8978669416635858
61 244 0.38912562823687175 1 0 1.255920164419348 0.7680060833658461 1.1105458707935079 1.091924259795007 1.0290452423900993 1.1250988865202998 0.9721632261611219 1.0526276428323809 1.1272213040263355 0.7723717400992467 1.2396098633171773 0.9063964738697344 0.8539490859308424 0.9470833123659029 0.7698031408371181 0.6534527305290527 0.7796119032803797 0.8416689002568225 0.7734634458112651 1.4735464426094105 1.4900508461640012 0.8919089593369777
62 248 0.37111767587317157 1 0 1.2535929246451305 0.7610328521952895 1.1049399474266643 1.0837596705688992 1.0438426968227743 1.1217658166097464 0.9719507840361886 1.044656600317073 1.1290666882533733 0.7619450434553724 1.2205749764797953 0.8970287544793282 0.8485757553552868 0.9452175475986335 0.7774633769487692 0.6492477399641831 0.7737476631264087 0.8261664236230742 0.7633630121885733 1.472099856627345 1.4657942109029691 0.8818795515399162
63 252 0.3574015595029511 1 0 1.2482065732956946 0.7455384509038118 1.0973138336762702 1.075484366558066 1.0564288673397713 1.1066333106238904 0.9583313313852606 1.0364183141195846 1.1077144115402993 0.7513974391987779 1.2129770132044255 0.8971091297924368 0.8417861483187344 0.9359179357883524 0.7674749897773392 0.6472471889479808 0.8251869025713888 0.8438074309649859 0.7614184236536542 1.472141561095267 1.4547092244220399 0.8766835550379524
64 256 0.34507485308913644 1 0 1.2378228112095664 0.7376422826383423 1.0647875004841911 1.0519249310024124 1.037784506280922 1.0977573074473974 0.9581840179067651 1.0202427216090162 1.1083293467536464 0.7519436433676996 1.2037104239144698 0.8837935511293281 0.8308710581550233 0.9251738105378129 0.7673863167556083 0.6425568569958006 0.8496715596802421 0.8449423047795074 0.7581776442954875 1.4886642604752647 1.446649401415131 0.870527570847345
65 260 0.3373107456213004 1 0 1.220374732401976 0.7392470321461398 1.054275250912045 1.0455285032262662 1.0267817491330147 1.0946869591373103 0.9757127874282523 1.0112808330969454 1.1009439662682483 0.7523246987508178 1.1944663100850785 0.8767952550532864 0.8285459017240947 0.9183897906617261 0.7609520961534391 0.6324285007895942 0.8535751269210119 0.8696796957483396 0.7385075367663985 1.5350860840022809 1.4373286503320846 0.8633938241891888
66 264 0.3331277937088824 1 0 1.2167146387979517 0.7390564105438248 1.0703179313822098 1.010821502773949 1.0758171223505812 1.0934150867936967 0.980309743620613 0.9851218870057052 1.099076354064062 0.7507035704121658 1.1847392979514841 0.8664416228729097 0.8235485322979716 0.9092706429223403 0.7610909277618206 0.6287493938510219 0.8468616677463315 0.8614292348485505 0.7456243139486491 1.5727431010058268 1.4338344704933037 0.8520466963965275
67 268 0.3347613357733197 1 0 1.2050042016713245 0.7446008897482473 1.0659580208540336 1.0364872906365488 1.1263365210722365 1.083388192683642 0.9771341948066534 0.9831425728401015 1.0890617538082388 0.7136306828020731 1.1637824815689737 0.8373084868862403 0.8193904446954795 0.9039259322811588 0.7533540880788913 0.6267146814394929 0.8453109184101595 0.8740482790140469 0.7928550635026572 1.5942087447292288 1.4113209742893666 0.8511473244997178
68 272 0.3288992995906883 1 0 1.1943925781754168 0.7413077881053722 1.0567820028439114 1.0759993496875107 1.1405527358603955 1.0797639661083693 0.9697905295600261 0.9741144635804218 1.0849290773387645 0.7445367395097968 1.1686049808601833 0.8617406958506356 0.7942909906576029 0.8878652684383608 0.7418347258543706 0.6224806561712639 0.8422484903661684 0.88765002614619 0.7920663937852105 1.6001058925061329 1.4050496254996878 0.8168486326029435
69 276 0.3188550386976622 1 0 1.1874346469346477 0.7392999848230937 1.0387816853140093 1.0950256796486701 1.1310110358449423 1.067769221477253 0.9628361398558142 0.9626455610413426 1.0706524749525126 0.741267862866064 1.1390517170565237 0.900320323943041 0.7916812083174307 0.8780295632255605 0.747710010645254 0.6130316393601778 0.8320349880911666 0.8983562067778293 0.7938762066220424 1.5862469376248682 1.3849658335598236 0.825216667220956
70 280 0.31224385357421475 1 0 1.1663383951835473 0.7259561503824359 1.0350437811416149 1.0994229998513796 1.1412801760122513 1.0728363387466529 0.979955241113526 0.971279488700626 1.065163330582593 0.7343368721112693 1.1292427946618733 0.9582227578044891 0.7862207991424552 0.8715419925558758 0.752180592416418 0.604031158382077 0.8112092149702247 0.9060717839181859 0.7851747797066125 1.5719895238379027 1.3825655657926001 0.8275340891823127
71 284 0.3011012048985031 1 0 1.1830985386920192 0.7218371417498363 1.0149629396496023 1.0898622638339894 1.1755345301367905 1.0560417979734014 0.9722768800452511 0.9581237580413221 1.05723183613688 0.7264419317834501 1.1177083579262455 0.9724096907845929 0.7803804307828972 0.86087584676263 0.7110414072088076 0.593111535203417 0.8110286788684511 0.8960169750110236 0.7764475294577399 1.5648757161926685 1.3815416724306886 0.8164975643563168
72 288 0.2918853985336259 1 0 1.1750856267808398 0.7344609268240005 1.0229192661817268 1.0660104604011453 1.1897125919438951 1.0511023870943312 0.964035624424567 0.9820917566132741 1.0479808810753501 0.7201241459813618 1.1126272993882353 0.9771305052433574 0.7717095305415543 0.8525216764664131 0.747523548910648 0.5912366900002032 0.8052601571963878 0.8860350392016015 0.7748171094144695 1.5506226733789563 1.3757428288956022 0.8117897773795636
73 292 0.2872596347449912 1 0 1.1669467926678438 0.730593230626354 1.013933286331015 1.0809386370097032 1.1891022955747945 1.0487683104977013 0.9587878095490766 0.9856002547950796 1.0589661341760799 0.7255698621661832 1.0975266540912876 0.9960835568737061 0.7584324971952585 0.8482362966889608 0.7938551867917818 0.5833687232761946 0.7933508961737272 0.8880636812450873 0.7670479878196147 1.5376556225966957 1.3610867492720549 0.7861887776003343
74 296 0.29143003846017784 1 0 1.1535560774525373 0.7373557538671136 1.0568496389417623 1.0841747968752902 1.1992839623357345 1.0590548043939385 0.9487647357353884 0.9761323349151855 1.059330389450468 0.7305228430526263 1.0940519024634374 1.0660348486414626 0.7497211721803743 0.8487380303182933 0.8186149341861412 0.5917973363449502 0.783833655175798 0.8803183540197016 0.7739754930172786 1.5204339158056348 1.345381029952065 0.7865128223514006
75 300 0.2899209082313052 1 0 1.1613271050645737 0.7337015424041976 1.086143976444626 1.1003617328004114 1.1953481685136431 1.0461439890343291 0.9417335089057884 0.9590520853276957 1.0693861625836132 0.7290948772030058 1.0927140372645638 1.088653839194083 0.7340047577027031 0.8460775899260017 0.8193247180394081 0.599998998136149 0.782447717567496 0.857167012877941 0.7722056605372798 1.5136359925914349 1.3315487972326663 0.7883059036637367
76 304 0.28728350011716003 1 0 1.161145320034766 0.7307572637701734 1.1147994808192747 1.10617722301486 1.19032397996515 1.0224590691190447 0.9276274865881916 0.9449239789340116 1.0761350827781082 0.7213469197934783 1.0942055427912247 1.1003984958031396 0.7273971536550268 0.8397233380521373 0.8124124711991725 0.6152440794480355 0.7855425942569001 0.8711432191224184 0.7695585112889585 1.5197735433103117 1.3192227860454329 0.7762634177880261
77 308 0.286031194558821 1 0 1.1511951243415037 0.7221729022953369 1.1334000738861287 1.099989910827721 1.1851484255668125 1.0218613570627908 0.9332916385690377 0.94850710864724 1.0949413961939547 0.7092920408937083 1.0937132674177537 1.109131169887043 0.7648256510353953 0.8273590449143772 0.8114381098679637 0.6179843834470848 0.7825839453586817 0.8834744004582934 0.7663356012523798 1.4864022610937435 1.3260473473126133 0.775185792476874
78 312 0.2854748210566739 1 0 1.144718413335908 0.7321638794351567 1.120786948520463 1.0956899501954247 1.2086638364073734 1.0502921667518974 0.930001251372378 0.9456459917456069 1.1071907622096355 0.7089673465183322 1.0891928588491626 1.1190629834624852 0.7544114170527032 0.8296003552594684 0.8045423070232675 0.6169581660948285 0.7738784552288769 0.8823965590925285 0.7617034418264261 1.4865932033610842 1.3125926435514859 0.7748628022044364
79 316 0.27746095522127856 1 0 1.1356039336538657 0.7270746976686859 1.118011129959155 1.0888089939643786 1.222668303457919 1.0512366167911833 0.920795664488054 0.9375058090018266 1.1050402332066704 0.705078004821123 1.0784021422137 1.106306970761125 0.7457874232492158 0.8182005928278454 0.804853401550082 0.6028641360804233 0.7537283122408138 0.8778035289859338 0.7497757964536408 1.4712904294667541 1.3307973601460186 0.7625685984158797
80 320 0.2769958775274674 1 0 1.1291116386001152 0.7185838132631456 1.1106868031210169 1.0776773920690883 1.2247394746658495 1.069189891282555 0.8763941069450195 0.931678832145876 1.0903763570170684 0.6991391606786657 1.0792148267573722 1.100948658624729 0.7541818447023736 0.8654388395233369 0.8014382094958955 0.5970364445114177 0.7523258705250476 0.8685414561619669 0.7474452787432518 1.472039924963897 1.372680130068751 0.7716509579164558
81 324 0.2785313476747525 1 0 1.1284413227041419 0.7181033138180583 1.1005511997778386 1.0870684251946414 1.2103911633765412 1.0636626593773413 0.8750721518093313 0.9255319717455438 1.0849177805808408 0.6908838862287715 1.0701180714191658 1.125720535953373 0.7551239620879275 0.8749354942484775 0.8117260959996253 0.6470558780057104 0.7545028326672079 0.8623149618650254 0.7404502667745319 1.465229941044368 1.3892936172207087 0.8051159179911911
82 328 0.27286532488969845 1 0 1.1217453189494504 0.7105570116828182 1.1039143094522552 1.095224498148213 1.173790613788116 1.0584066908114689 0.8673223635095884 0.9168719539703768 1.077358798123145 0.6879535985539278 1.0743941187138715 1.127709230819337 0.7491083633350346 0.8678230583483042 0.8128179786887195 0.6609046338352524 0.750107526367462 0.8573614343611647 0.733603685410189 1.457861942251841 1.4235238782973898 0.8068934469940571
83 332 0.26557307969197624 1 0 1.1217410991263257 0.7048098901745232 1.0835322615495189 1.1023115032335205 1.2027946835907621 1.0538461310376204 0.8570025313640016 0.9085685850162322 1.0575233570125055 0.6891381155787096 1.0749141090148158 1.1136750082468232 0.7469577397273515 0.8630144974458027 0.7948468145855885 0.6581400998898952 0.7555579040430018 0.8508519469332552 0.7338782946509156 1.4457525790868317 1.424305634482809 0.8134712640936677
84 336 0.2596956788463445 1 0 1.1030347664047095 0.6998474839038034 1.0896854700580727 1.0831186468432492 1.197792011702427 1.0431799423431034 0.8436998991129204 0.9012250857395249 1.0674976995325305 0.6960910423317244 1.0611176971924734 1.1068474012378804 0.7433042758093311 0.8495730165005937 0.7958949338472293 0.6575240318077814 0.7478127011065323 0.806268353787211 0.7402555537826516 1.4485799996822804 1.415274073619197 0.8348115953009756
85 340 0.2545728757540671 1 0 1.1140023576236717 0.6949747747536105 1.0936796384368788 1.076773970488442 1.1854167805628235 1.0442333683259075 0.833018613372287 0.9067856551398108 1.080374641366425 0.6926161382141268 1.0850183175457189 1.0723755353419124 0.7372934482984724 0.837008335515214 0.7709589427388351 0.6602706487663023 0.7426620847075251 0.7912958176598044 0.7445093366783997 1.4255502121566828 1.3989583862942665 0.8718111880967979
86 344 0.2478382973386532 1 0 1.1107205881716449 0.6948604943705365 1.1245969506539704 1.0584239880583735 1.1834221614903444 1.0401711090746275 0.8259240477601247 0.9121123407450004 1.076008398508062 0.6862756545248917 1.091201672711663 1.0543161575800442 0.7333877248808648 0.8383994493321251 0.7698466159572249 0.6471973254528346 0.7394289542334176 0.79575039841178 0.7371774400834703 1.4260814875746497 1.3800044936508624 0.8669078959781019
87 348 0.24432656832562893 1 0 1.1112811115361543 0.6917558641668602 1.1321232464574384 1.0291446541969367 1.1924594176055947 1.0379281037890054 0.8228189128317815 0.912137257387356 1.0752861245802163 0.6819922631187675 1.0730826864058192 1.0924895495891636 0.7198181971561212 0.8356978315197017 0.7838252279958297 0.6374136376044207 0.7316977424503582 0.8013425817393159 0.7314195411413678 1.417241478129606 1.4360435853240365 0.8748458382090625
88 352 0.24296821644007194 1 0 1.1010926542819623 0.6887591011435358 1.1315434060557925 1.034594137733119 1.2404156073225918 1.032946349815457 0.8191172010188543 0.9059857714566828 1.048937110925901 0.6695157738184562 1.0893419679174507 1.151243809524283 0.7175412418000275 0.8196124647875439 0.7863462806966381 0.6349047419481416 0.7320923129187912 0.8125466809596681 0.724415693906419 1.4090661086797922 1.4650767055170593 0.867487467348069
89 356 0.23779115480458324 1 0 1.1006181299959765 0.68437466512183 1.1139672736371977 1.0614647326763695 1.2591935867298758 1.02874472170188 0.8128271963701738 0.90231931425444 1.0381520735587413 0.6614233043560973 1.0691591484101006 1.163287256846905 0.7104593626277936 0.8030297746906933 0.782851581779541 0.633608212683471 0.7626542508714713 0.8031046176230796 0.7198074995443686 1.3900603884772225 1.5312577729252468 0.8611359786584976
90 360 0.23875843351259438 1 0 1.092316072743848 0.6803641614775878 1.1178637514336773 1.0633391759668946 1.2605131444859172 1.021216346618788 0.8087910706972018 0.8983345122855658 1.103374087037681 0.6512019784447727 1.0682164065608557 1.181557770758827 0.7044742487584021 0.8039253918992296 0.7744603516116911 0.6308899554587108 0.7709862990472186 0.8142767390619103 0.7165287452652882 1.359063139107274 1.6380257527776578 0.8507922379296655
91 364 0.2344046686144734 1 0 1.0853318916225907 0.6816926287190119 1.1013453347307258 1.05593825748546 1.2489241788433056 1.0139729950142882 0.8008305595583117 0.8930294278936572 1.1097809103673182 0.6446898948488541 1.0600733160720792 1.120372418734355 0.7374674489029736 0.8012348157574618 0.7682192415821115 0.6213979225436177 0.7650792604194488 0.8266766107527739 0.7077297811576824 1.3675624003994475 1.6764828045426958 0.837115119560374
92 368 0.23071745043671962 1 0 1.070027625011164 0.6904036304076754 1.1014395427584927 1.046602475027429 1.2447813295697299 1.0067982331539764 0.796468573757507 0.8778646123890455 1.0960633929325345 0.6410514583241229 1.0571254314595382 1.1964196064672452 0.7665961054886499 0.7974418876725023 0.7600800970360122 0.6178085581612807 0.7584288406971835 0.8234082549070619 0.7001156213999248 1.349856533699759 1.6569094048982946 0.8382427735539699
93 372 0.22965536417454144 1 0 1.0531235901713798 0.69177851513715 1.0828467978200802 1.0316763859244769 1.2354690713150478 0.9963616894542439 0.7954744606334345 0.8763758041918 1.1088502086145031 0.6328419075259852 1.035172778639066 1.2034539582202122 0.8019697559520892 0.7902927301850006 0.7540827165076875 0.6028237146439541 0.7514588397573504 0.8180786955275715 0.6990619564858058 1.359386214246209 1.676174498774089 0.8128986249000325
94 376 0.23187253730774976 1 0 1.0687917290008448 0.6911419717697898 1.066024421632082 1.0205119424835092 1.2477042184970473 0.979577215826493 0.7882105994130514 0.868149886800034 1.1040222290822952 0.6243203780996958 1.0288152724834108 1.1991565067824386 0.8273841246560395 0.7855813120184113 0.7914153630813763 0.6214153360438103 0.739026819507776 0.802634256096796 0.6960806003856147 1.3420871037069497 1.723248211100996 0.8140518217763417
95 380 0.23098850960441739 1 0 1.0678327133840702 0.688680050203546 1.0544156647765819 1.0406163622034896 1.2336548332358297 0.9700112519370424 0.7853584563531445 0.8642834882855753 1.0987986786963062 0.6173322891602555 1.0226537252173131 1.1860386259379347 0.8568427371608034 0.7768549613356459 0.8182866470700878 0.6239020305245397 0.7294528831838504 0.8069316123298078 0.688335437055688 1.3260451712832722 1.7250846147892396 0.8080542137097809
96 384 0.22914461841824896 1 0 1.0869111228158943 0.6798757590640425 1.0167241314017958 1.0416868176659746 1.2269633818360728 0.9729822904746929 0.7782158927815387 0.8866192942094901 1.094896806872892 0.6124944941308837 1.0141969406442706 1.1815507287899607 0.8585697504376989 0.7438106414152571 0.8631309064660845 0.6274343446367618 0.7200567810007379 0.7951885229074718 0.6865270910807573 1.3488402729859015 1.6923693347503748 0.8021223597038591
97 388 0.22656464869725063 1 0 1.0943965285774502 0.6779529553801567 1.0257548999387465 1.0372415796144203 1.219983729409541 0.9695774305559502 0.774461002690331 0.8903261275837477 1.084817689394083 0.607536047610958 1.0198907182189698 1.173276140044477 0.8934647599934178 0.7796831459844438 0.8667823417878965 0.624162218123102 0.7220689010015655 0.8007159330752075 0.669269695786322 1.3419656286694794 1.6748007357171024 0.7931115828697745
98 392 0.22621469644119951 1 0 1.1017156558778758 0.6712100210504831 1.0284494074096107 1.03522928444755 1.2097732298238089 0.9626132176943384 0.7666696407973128 0.8819244551772858 1.0620914894052893 0.5984835975909001 1.0279962694514617 1.1623867552805007 0.9568863458602744 0.7842739672944898 0.8750753036890334 0.6204025258480826 0.7147477368024436 0.8109706044497237 0.6864314028239787 1.3313894113977207 1.6861351888386928 0.7769547087658352
99 396 0.22377261159302395 1 0 1.0957033458887626 0.660457173098175 1.0063328505101512 1.0249339514917641 1.1584484275841878 0.9670732605025729 0.7558806473569138 0.8878190331708017 1.036051556321477 0.5950249472793742 1.027877477007165 1.1735407598836038 0.992468325179354 0.7850386048106108 0.893001562424662 0.6151407144094199 0.7104463750990817 0.8083352376400896 0.6975284336133597 1.3209869724938113 1.6562983350685185 0.7771623739611827
100 400 0.22257548315376835 1 0 1.0788382033099118 0.6531951703519 0.9660008432798202 1.068163701693754 1.1580512706989952 0.9784750145775983 0.7843160990881427 0.8757055394209982 1.0201170488728206 0.5942875918807117 1.0165085158608607 1.198552368111995 1.0243763807678026 0.773479868275096 0.8883934011227288 0.6003346207246343 0.7048244679739227 0.7943307366934 0.6874793989070563 1.3132534886017362 1.6565586051556247 0.7650758696909313
101 404 0.22448402551904453 1 0 1.0693090599265493 0.6515997281339551 0.9871104416450308 1.0676997512176174 1.131160225349768 0.9785743546885902 0.7951088768723088 0.8759302678040285 1.0129037058017423 0.5908364579045263 1.0645346565861005 1.2326623029225654 1.0599849888166928 0.7480100879369853 0.8804411942880486 0.6056031581906358 0.6977904267302695 0.7887341148321322 0.6940232667351302 1.281432939564101 1.6457397771740856 0.7836376496567464
102 408 0.2303172297320906 1 0 1.0392077692309232 0.6464540981337878 1.0435237628124792 1.0537684425921037 1.139466484377006 0.998190570171288 0.8011074100537503 0.876278139960629 1.0029946456111822 0.5893084078122952 1.0962137141742725 1.2449820219175418 1.0751807553662527 0.7781133258085161 0.8571223163678077 0.6082010050140262 0.6930033586249431 0.7817466435901631 0.690683413217819 1.2586002217374697 1.6196048470775388 0.7786727368286457
103 412 0.2333791866678726 1 0 1.050937485549805 0.6345885452984028 1.0536476345392167 1.0448794957141896 1.1381424419324304 1.0119805379340197 0.7980505586824683 0.8892737503515903 0.9918963623711555 0.5878345489614492 1.1379597318268189 1.2623840374276902 1.0712330369736816 0.7799941052706603 0.8686684293006846 0.6066657180122447 0.6814348150322616 0.7765838873262939 0.7162889650192767 1.276863663953938 1.5936006748756872 0.7822813967255845
104 416 0.23281692656814995 1 0 1.0478339401453265 0.6344365744723006 1.0462511298295871 1.038869340238644 1.1249277597734681 1.0067147819186886 0.7916295586979804 0.9443185638742012 0.9816485306045278 0.5868303380980494 1.1486194941418018 1.2347527357898274 1.0700926953684597 0.7764277483578075 0.8412900737639301 0.6132335293929538 0.6791414854400919 0.7738470356964514 0.7151016993144076 1.2899092690274319 1.5807275421812557 0.7740310345983347
105 420 0.23321553722079116 1 0 1.0492243678638495 0.6299570849411199 1.034160432091057 1.0374349552858442 1.1190957657934226 0.9877217509540871 0.7916456269039895 0.9697926773551007 0.9965387892533663 0.588056934074767 1.1374662229802552 1.2651061111805415 1.077480080768666 0.7708511556791886 0.9237789239627081 0.6147772266574263 0.6792277429797517 0.7734197338991238 0.6967418591560282 1.2839730375153127 1.566109660512104 0.7742966424388484
106 424 0.22958258335369316 1 0 1.0530077459956042 0.6176427265785752 1.0328005258392643 1.0354625523532675 1.0984508738868504 0.9780500348801925 0.7874060193845855 1.0302246545146807 0.9989546705583525 0.5886643977487278 1.1480767283196869 1.2570500641843607 1.0726691612358574 0.7613595016232695 0.9282566594585974 0.6159766281292626 0.671743365605436 0.7836446945581239 0.6894367787984339 1.273679993891561 1.5412965268643495 0.7680007534602135
107 428 0.22999068519330393 1 0 1.0570022208507865 0.6585079431836383 1.0260910329213682 1.0329809681618263 1.0903488288468812 0.9765966799245618 0.7823366634475355 1.0349566050193286 0.9946329459887294 0.5838240611218035 1.1343073652850904 1.2397083879815387 1.1085425633091597 0.7620253373259593 0.9234831644705658 0.6115880956006338 0.6867898528366392 0.7808678288404086 0.686483578087204 1.253501360981883 1.531187783999461 0.7643231509479003
108 432 0.22731769277190686 1 0 1.008927956708443 0.6582076001224143 1.0234911579817012 1.0322226482110455 1.0814420809351846 0.9752929001028185 0.7737572612543213 1.0679763371664943 0.993849697312091 0.5749850678241736 1.1234814665140496 1.242834629411657 1.1044863142854582 0.7558439489554992 0.9041319851411528 0.6110237806770917 0.6829503627915818 0.7782959526902866 0.6754626223116658 1.2995758800740849 1.5253900818662482 0.7523871009074499
109 436 0.22589302986216234 1 0 1.0660438198742301 0.6569468998833995 1.0144570278465397 1.0253677963090364 1.0708926927225584 0.966358263934124 0.7722839966836983 1.07250709028672 0.9868980633383122 0.5772772032340324 1.1128680281947567 1.24834735704185 1.1114796608110955 0.7480145149058005 0.9105395673703678 0.5987009054400054 0.7057749214144909 0.766843766634328 0.6811937907430455 1.2994682226333556 1.4984470136753612 0.7513474092376625
110 440 0.22943175243534858 1 0 1.0786102469681973 0.650166308844161 1.0042940286321211 1.0667459958331458 1.0643648866926703 0.9599799238924467 0.7661144320430932 1.0720811102158905 0.9774247629142119 0.5842788996797275 1.0943188378169395 1.2468503833421316 1.114467248521225 0.7448173377464712 0.9087122295748972 0.6113883056458559 0.7081925455002783 0.7629802762427722 0.7000447200201284 1.364157488494129 1.4912499182174894 0.7431996780155504
111 444 0.23366949608902754 1 0 1.0773370363268386 0.6443629110876851 1.0069942368525364 1.1432845192160825 1.0482974961926286 0.948748389858374 0.7578367301256728 1.0667738045151574 0.9852543163018953 0.5804359081078619 1.0809003076880406 1.2298157034953654 1.105050015582828 0.7371325932103806 0.9029634922536144 0.6093830876569768 0.7064116144595597 0.7578029696828289 0.7487629289071209 1.3837089799534614 1.4732511208219878 0.7326984096146761
112 448 0.2310387212896801 1 0 1.0449034295963098 0.6431906619705421 1.0059911930240375 1.2079946130578525 1.0621054941625723 0.949155343943005 0.7499324221062774 1.0504331554970932 0.9747828156482249 0.578655625570488 1.0916644872798116 1.2241958457715745 1.0985178494165204 0.7358314716305755 0.8983045596181367 0.6082050301293085 0.6926170578015919 0.7498785458577771 0.7560771346387798 1.4196455434781212 1.474214965081549 0.7300132360364322
113 452 0.228202659918668 1 0 1.0719155829094753 0.6341994075100006 0.9971392373733559 1.2199199904691918 1.0570702003869212 0.9398463854243059 0.7461133439190695 1.043900945750738 0.9728341711286035 0.5705033348073278 1.0854555056733723 1.215334478422173 1.0576943526238942 0.7247988332697967 0.8889565462499853 0.5812647914534833 0.701251464960055 0.737476553406469 0.7481252213338975 1.4934840797318134 1.46260739648292 0.7263208776212782
114 456 0.22882205456085117 1 0 1.0724923171746048 0.6197069612501557 0.977954973504786 1.2937812166199982 1.0563959203995623 0.9269096433734717 0.7376273514432505 1.0310553766258987 0.9633856211384767 0.5660450909998196 1.0751397626196921 1.211554337821464 1.0578722160414344 0.7279276679888692 0.8851635757125842 0.5993929042133532 0.698462141373446 0.7593846353101271 0.7495139194385162 1.5187301927328825 1.4555901756557155 0.718324823559985
115 460 0.22538889586610283 1 0 1.0603816390043277 0.6241112766286203 0.97433989518178 1.3412634335015525 1.0376208226513004 0.9307510294946137 0.7407973285623066 1.0286554722066312 0.9516974825998941 0.5632442551131835 1.0642582822692457 1.2064727397996207 1.055001274962779 0.7275491719350425 0.8800202034978108 0.5942603621849385 0.6935760493989251 0.7499670441303611 0.7450805153795999 1.5123693773295643 1.4464998488900171 0.7123321079225368
116 464 0.22150915050168465 1 0 1.0636301476192929 0.6159108770108538 0.9732984710381292 1.3543266628429749 1.041609509177174 0.9487043584740924 0.740706417721636 1.0094481892665357 0.9482638845415409 0.5619962369309198 1.0730990443086381 1.2014361173814876 1.0484518827149716 0.7223095229525405 0.874193066179055 0.6019189228957578 0.7069505432287192 0.7652602030453397 0.7369972261892623 1.5080306018596048 1.4152517017098176 0.7075208683634162
117 468 0.22456337403885704 1 0 1.1200780705922508 0.597996197179778 0.9679592386094343 1.3758640653162741 1.017788513303896 0.9867012175968124 0.73557245601315 1.0395413002396454 0.9591253117219313 0.5548982914667345 1.0705751353432793 1.1866690590720412 1.0227530575871262 0.7295226172538688 0.8633863077583555 0.5988467773983517 0.7176533360286182 0.7669789860517436 0.7423982101024115 1.5164712793052277 1.408207210455632 0.697086950197306
118 472 0.22779395440764014 1 0 1.1356665492312548 0.607860569233592 0.9515652204146818 1.3897861710174715 1.0668724974610853 1.0513222167669667 0.7289138678759806 1.0414683250331207 0.9550853727873352 0.5528795610336308 1.0175471814032384 1.1832672599454348 1.0389811424868969 0.73126671926718 0.8635819172275635 0.6082143493669423 0.7159561838579525 0.7488618495889581 0.7105944740394146 1.5118404103781484 1.4106557998818547 0.6817061969914273
119 476 0.22368567785684526 1 0 1.1470093538025974 0.6050411448723636 0.9551809411731743 1.387194760446156 1.0614982319245818 1.0886787451947693 0.7219255427091856 1.0314494212462937 0.9214791936080844 0.5486297038668444 1.0174995375009692 1.1816720015093964 1.0419756256130763 0.7266708884441653 0.8606127157226446 0.634030839959779 0.7073353657719085 0.7330907500103143 0.7047135699468999 1.5070004031897257 1.4026620812376558 0.6735894935075715
120 480 0.2207260277068811 1 0 1.128172725348408 0.6007314694564769 0.9483441304268179 1.3649850105486714 1.0443078248410205 1.1155296321153607 0.7151855353286075 1.018256648628469 0.9341743611764002 0.5459055219490111 1.0053293690557128 1.1976127800620222 1.0538749857909426 0.7088039703065454 0.851515549176082 0.6364729138679416 0.7225747257343136 0.7270958748571309 0.7002883502847421 1.473261135245878 1.3987643287171732 0.6669984898704754
121 484 0.2137165091188734 1 0 1.1230252456829977 0.5879961161760627 0.9474870487762418 1.3719903031015794 1.0488068340618082 1.1225966705458443 0.7076743329853823 1.0196660820931502 0.935227971371671 0.5357700986627828 0.9906874252736109 1.2145009370162496 1.0398671721168475 0.7206666366496344 0.846566788060597 0.6290516302701004 0.7156853983054894 0.730074971292817 0.6961131429325551 1.4904665450727863 1.359761969083114 0.6623474255543428
122 488 0.21246915781132503 1 0 1.1143817533319789 0.5810621208585603 0.9417539315586547 1.3668088502324454 1.035157915295301 1.1297772674522975 0.7019677481387965 1.0114359349039463 0.9254100021561936 0.5333898422851695 0.9928202160467003 1.3164690551480762 1.0417552104253167 0.7251124612998255 0.8396695746730378 0.6241759450735256 0.7100747364062879 0.73457441465141 0.6791577836057171 1.4775272868884672 1.3606601804828165 0.6578497890554382
123 492 0.2111851756462456 1 0 1.1012683529091816 0.5742892371971561 0.9367271386508976 1.3555228264909394 1.027495832577292 1.1671237179844838 0.6889924253488202 0.9920597129091085 0.925086994551719 0.5243235266046025 0.9823580587159446 1.4012402971202509 1.035973787627344 0.7246827673346131 0.8372616156621064 0.6174208780464379 0.7033145919724376 0.7268791869384844 0.6826955007726543 1.4725247589440769 1.3516079073776353 0.6654494734074469
124 496 0.20932648879198182 1 0 1.113351095135722 0.5633239350786172 0.9294004034783558 1.3421978905205356 1.0215432411207672 1.1659813837163149 0.6920854373808241 0.9938532911838638 0.9479661986108266 0.5162430442210139 0.9746598758632353 1.4548144123574145 1.0104398280871845 0.7162765748417282 0.835585572098963 0.6192825457191667 0.6979206117321604 0.718521433657877 0.6779943303048361 1.465150920999713 1.3476185301667758 0.6783498458489503
125 500 0.20229247192222372 1 0 1.1028923768778744 0.5560523951934544 0.9181976725104932 1.3258061504270713 1.017986012542087 1.1720367536958505 0.6900718539038164 0.9963499839925883 0.9491917895369698 0.5177734374298797 0.9640234326830834 1.473158391048432 1.0221881616025237 0.712172188742741 0.8263086338275589 0.6172064780043703 0.6967103681433507 0.7074429954524276 0.6785616026001827 1.4513917100381535 1.3225035603219109 0.6754277220634417
126 504 0.19707227984577383 1 0 1.0962472145391704 0.5612811258523852 0.8729607797602723 1.3268583124631819 1.0054009549152472 1.1652893882302755 0.6825669571789239 0.991257000640394 0.929164562645318 0.5052801930872713 0.9558286385095697 1.5300404489215174 1.031863581384311 0.7059890037175349 0.8208853006532982 0.6105390987933101 0.6928884086933514 0.7172001784634449 0.6741313372687063 1.4433179786587782 1.3473179086450522 0.6717975507066273
127 508 0.1943295455353798 1 0 1.0638554934671918 0.5505454983916634 0.9224942174865394 1.3531698237919267 0.995970137365145 1.1687166514175988 0.6722680023523863 0.984692630778049 0.9422149571572402 0.5049195173901144 0.9456517330963496 1.5421213979570358 1.0120386601856168 0.7100975878043895 0.8158212669012297 0.6065022293590107 0.6846788237121297 0.7135529724084805 0.6787964485932901 1.437160758912926 1.3286609908186249 0.6647841595438385
128 512 0.1948026383911035 1 0 1.0870598575815051 0.5684229046619874 0.984597074494845 1.351914226616663 1.0078289309344493 1.1821618859902938 0.678180128651642 0.9730108180072277 0.9328344316931018 0.5016891204952069 0.9345974696695493 1.5507872109213445 1.0564537175763984 0.7109038401539848 0.8105426141117343 0.5928213449931884 0.6849133505026418 0.7119432936868209 0.6756860559053574 1.4262140141119735 1.3241304516256462 0.6616291053134621
129 516 0.19731175189389624 1 0 1.0920496854106958 0.5700449517680765 1.0275487693497984 1.3243631028482852 1.0071916362902331 1.1945855617810235 0.674124250636773 0.9689625471705431 0.9752848945615332 0.49380974146618917 0.9323251696213445 1.5520807711445912 1.0327835707470827 0.7033405067752341 0.8146274470915964 0.597496076832702 0.6691802671066556 0.705342122638329 0.6691883626360032 1.4085777948440623 1.3191336702010903 0.6508231853458323
130 520 0.20246148361600816 1 0 1.07889373573206 0.6026862301419038 1.0441190886016751 1.3323368036710765 1.0204662012772585 1.185816739435479 0.6638210777606123 0.9677462543656595 1.0453607525141477 0.48105254725827123 0.9252739137899366 1.52760795169567 1.0740577129660418 0.6987622827880547 0.8130318377073597 0.6054853853588419 0.6682042119481113 0.7032635974338799 0.6668734033963596 1.4098409876321678 1.3148450121368571 0.6588201529801005
131 524 0.19967301033830978 1 0 1.0812747667957807 0.6078661350639744 1.0676370631476768 1.3318885430264658 1.0139445227327317 1.183739604393479 0.6557946833420042 0.9591925453094436 1.0611818664215997 0.49019023857721633 0.9114523287669237 1.5323009410322357 1.0957487455713397 0.6984122441419413 0.801235744478636 0.597747837289973 0.6687746845406882 0.7004019054432439 0.6582810591693748 1.393791018102718 1.3097261146504386 0.6451816481479358
132 528 0.1980963374813996 1 0 1.0636715730029056 0.611228271306502 1.0786003205616932 1.3015642320520246 1.0159842444667797 1.1632583222980584 0.6525490056738434 0.9523319346199668 1.098081814956537 0.48741138519695304 0.8999571509904424 1.5645564944459616 1.0923448516562593 0.7170959584195555 0.8074904287700241 0.5952416809162917 0.6609155751061295 0.697576497160019 0.6573658529299364 1.3859518270546365 1.2975180904567585 0.6458737188296564
133 532 0.198439657470838 1 0 1.0499992969833336 0.630664420523754 1.09818182153657 1.29734117586419 1.012875175659416 1.1291191547216084 0.6539282139012853 0.9370190193029253 1.112116341911467 0.48402957327970064 0.892554117141505 1.6058748537966583 1.0768564997838388 0.7253845257324275 0.8120995150992756 0.5903541152809156 0.6687302319696671 0.6924158205061062 0.7054455273370192 1.3737350865351854 1.2617108294890167 0.641825109463924
134 536 0.19924729475366923 1 0 1.0602939347948706 0.6570160369081369 1.0998597361926081 1.2965567406897598 1.0505823348646677 1.1207447723476205 0.6425682796403381 0.93651203234048 1.1191155418260568 0.4748332942542493 0.8882452810494933 1.613850951975267 1.064158977039964 0.7356819030742681 0.794367776079561 0.5801807203456767 0.6633794908164233 0.681767307019383 0.7087046274659421 1.3904115620103825 1.3333699983519776 0.6396085076019744
135 540 0.20106990065626082 1 0 1.0570834677710188 0.69978891849829 1.094899870374897 1.2984038588903444 1.0506973952727536 1.1102198697810026 0.6398454685052442 0.9329376052781853 1.1239141865682667 0.4738852904273667 0.8835242143281231 1.6185728732713425 1.0769819832795802 0.7306843745523003 0.814770006271678 0.5848065611522328 0.6675150433750499 0.6740924236496902 0.7109199210512299 1.3706440213050464 1.3708936941624235 0.6374405135150345
136 544 0.20149777326689525 1 0 1.0564759103824573 0.7105113688631578 1.0777982224089526 1.2937505725718836 1.040857258752264 1.103634693900763 0.6368958173699598 0.8939473371525597 1.121277487283256 0.4711181002624796 0.8772635854631639 1.6069192025444485 1.0920264853667105 0.7264478360309976 0.8116737655415973 0.5754107490424734 0.6645118098490426 0.7111645890644969 0.7185498277829797 1.3869848425751028 1.4229984925468944 0.6345798697683455
137 548 0.20159795023843388 1 0 1.0584080317795284 0.6906599890893721 1.074950493238951 1.2862443663016194 1.0300177152330667 1.0884753638057545 0.6332958770624599 0.9622910710138851 1.1164556334379703 0.46961276861054246 0.8661266385113355 1.5935368560726606 1.0886459511678304 0.7218499657432291 0.8050620508218066 0.5823459541478221 0.6563944797596964 0.7268353833359115 0.7146733074600831 1.390822061928759 1.4804514979470955 0.6300273119070926
138 552 0.2064860353413417 1 0 1.0493332666016306 0.728635674785578 1.0660416345345762 1.2809148537864927 0.9911931802499289 1.0883349016076693 0.6264761750297689 0.9909641466423951 1.1214237012272 0.4635136695197059 0.8538569845474563 1.5807931177574064 1.083096519789898 0.7158005514437518 0.8050205003216074 0.5761142570223197 0.6534655308900155 0.7439938441852185 0.7052335189765426 1.3927427483513024 1.5780632011965565 0.6246444629425213
139 556 0.20967968061373557 1 0 1.0401452975648158 0.7406253577418687 1.0568639218326488 1.27101924085484 1.0058264847061191 1.0660316720471519 0.6209191501375918 1.0278392674981915 1.1201174075282714 0.4577887432675452 0.8443007222145348 1.565996663761131 1.0734262469170364 0.7159450404621869 0.7998248887610752 0.5687447496392356 0.6346363333288313 0.7361563327702515 0.7084320841067442 1.5024946748117733 1.6082930885700115 0.6156513614819322
140 560 0.21467073730672148 1 0 1.0274691630235941 0.750754406112818 1.0593676014200195 1.2599522358905801 0.998386788210925 1.0767556192312253 0.6203907738709102 1.110533958866433 1.077190610999357 0.45557218185376364 0.8405254642280088 1.5337425181641782 1.0680799289279312 0.7111994793657396 0.7994446028704726 0.5896670798915333 0.6415748989162632 0.7648620263556976 0.7012919796685169 1.523180932587017 1.5996118280492972 0.6105277988885147
141 564 0.21433238699873233 1 0 1.0034943544255415 0.747614704631344 1.0497362967142052 1.2456649953053287 0.9883509565565691 1.0555714687335116 0.6151716219374701 1.14521127771336 1.0535825474218339 0.45173354767340873 0.8408546611067893 1.5194070517640395 1.054979837584773 0.6938360694544888 0.7957702248188361 0.5881183576190301 0.63819697824636 0.7798801332402101 0.6990817099192268 1.545712782311807 1.594832880081748 0.597203932767966
142 568 0.20925865654601966 1 0 1.003090971436848 0.7512495601962743 1.0211217731342455 1.2118054592409002 0.9748572992254642 1.0608788263664393 0.6091249705388471 1.1530303154355814 1.0627642717299333 0.43652596633421575 0.833648039459576 1.5013547737111201 1.0452851302865969 0.6766467369432105 0.7759679276033492 0.5852892817403763 0.6342769172644434 0.7767021930546554 0.6881713416577965 1.5437164850766714 1.5765376985372743 0.5982039978461987
143 572 0.20414152620983342 1 0 0.9827006220928199 0.7521056894644719 1.0038973604783468 1.2160618857287337 0.9476038740562648 1.0587399580481698 0.6084574860111193 1.1526057370681524 1.0544274672941065 0.4474149065934542 0.8228205807081076 1.496921880352382 1.0357602623898634 0.6749906256873568 0.7728713073710237 0.5791478214181044 0.6394867216485239 0.7915171517037569 0.6810255567933385 1.4985193208470216 1.590405625384193 0.5947126645868793
144 576 0.200258140218483 1 0 0.9952606624209127 0.7413146922646736 1.0103693255461754 1.2102723485613098 0.9478203446606386 1.0523873509417287 0.6073567068255985 1.141861652431551 1.0462665858538835 0.45001471207331273 0.8196653697694499 1.4728513848545755 1.0134673498582003 0.6653726391630658 0.7549546945678736 0.5745229083237814 0.6378095587184054 0.8012307336676214 0.6741207744819627 1.4918132525870011 1.6211006420647311 0.5898936989075778
145 580 0.19975443435643772 1 0 0.997163189931571 0.7417528372318618 1.03723769956971 1.2026153776040285 0.9332242584989918 1.0675158059743026 0.6039371217759996 1.1299374989392525 1.0354457924297449 0.46127629378232304 0.8134726703273777 1.4859381700993233 1.0176060899270754 0.6658088524290243 0.7792688769892862 0.5721816374376859 0.6389532043193427 0.8070828083405628 0.6675474902011395 1.4977141181455869 1.6415009345738507 0.5846333858644336
146 584 0.19795767355547791 1 0 0.9856016342988935 0.7440259947152834 1.0594322270864724 1.1878658136204587 0.9319983638415035 1.064966134468856 0.5963887756798012 1.1337944764098187 1.0113481130364286 0.46520417664885494 0.8054886797806825 1.502033103759457 1.01142461086609 0.6624816459797873 0.7848366601964422 0.5594846486460402 0.636421025097586 0.8137691351045696 0.665783995363206 1.466590302555651 1.6395032713006168 0.5835252043404889
147 588 0.19612269306855074 1 0 0.9898336326607662 0.7545068093081209 1.0713797205437374 1.1605529112965225 0.9278058873186684 1.0568316332392933 0.6254923205888954 1.1331133346759663 1.0049563863872506 0.46315015538961146 0.7983656685003578 1.5150369429023414 0.9999155912020695 0.6444619221895531 0.8004098197630893 0.5549434414783349 0.6367072310005513 0.8169504562034923 0.6629781296733616 1.4585928179525194 1.642850062239152 0.571937721270685
148 592 0.19365296146350328 1 0 0.9904967455148667 0.76261250433751 1.078975997054483 1.1832963842871889 0.9254756825121786 1.046781553414226 0.6245587588743238 1.1413470547829896 0.9902643576454867 0.4517844627283586 0.7792656900834528 1.5070108469710863 1.0177893484276321 0.6680905319374812 0.8005270699587296 0.5691942627006552 0.6320970343207822 0.8063483321583669 0.6594282572686857 1.4555319844135002 1.6292540532187212 0.5819716432084432
149 596 0.1997166369422641 1 0 1.0312709478658113 0.7777362399585555 1.0672472620971725 1.175005111891802 0.9181967005980702 1.041740701157082 0.6196625135931727 1.2680244503867475 0.9891331772340312 0.47944734629663305 0.8636521116201341 1.4958532736174706 1.0118092955430238 0.683698473887239 0.7948153657834498 0.5647520549351411 0.6274378250894928 0.801259109061081 0.6591472268137335 1.4341595472636892 1.6109107514128265 0.5802934204627996
150 600 0.19981198073604928 1 0 1.0477048937441469 0.7676972512784804 1.0585843514794662 1.1548036612303552 0.9085540710361162 1.0115636680874347 0.6148130967828332 1.3465124042313386 0.9868134699715824 0.4770624052139421 0.8836297395593106 1.4801053435421616 1.008176582501554 0.6858739172727972 0.7869700330851451 0.5666064934260113 0.6231261140758845 0.796623676823922 0.6546022465105623 1.410130839942761 1.5784752859680247 0.5867454038239225
151 604 0.19417105439938365 1 0 1.0431590257709673 0.7898487397752008 1.0457016064033677 1.1500564146312107 0.9069097870774031 1.0196074313051242 0.6082481576794889 1.368432998440816 0.9790638844921079 0.47719403618054385 0.8781628955787555 1.451005291715495 0.998118701690835 0.6815840893530921 0.7714678685015419 0.563263095158406 0.6181159975109717 0.7918486097031067 0.6464122694280868 1.4033428259939515 1.5853728236587732 0.5877606659977911
152 608 0.19153522803657588 1 0 1.0395302005863472 0.7866179432137125 1.0450680275298607 1.1375152763866028 0.9286390919097388 1.0037919768516381 0.6034274634299779 1.3874024828682034 0.9673498137467978 0.474379274025504 0.8744163964388686 1.4415065826660338 0.9919777669371479 0.6680558008346814 0.7662339606973504 0.5641705844708078 0.6136746793797847 0.8123907319960281 0.6412697434129081 1.3971797140353919 1.604019305104968 0.5833991351785356
153 612 0.1895428376088619 1 0 1.032624575079141 0.8509601361433516 1.0427201839778126 1.1308535867606493 0.9275306635104291 1.0121811683354405 0.5899651068984513 1.3869114193350733 0.9628518859012495 0.46958373482266536 0.8562112654570199 1.4321587917352843 0.9823810918339215 0.6628502152081484 0.7582340770217069 0.56034154968285 0.605150659757564 0.8251508819664058 0.6370937219241124 1.3860868002861788 1.602671686723408 0.5734495595254353
154 616 0.18392878170482824 1 0 1.0268920492558427 0.8760196415297483 1.0322967215034444 1.1232997166507797 0.9178817017909224 1.012657485213422 0.6208490595940087 1.3574667513418892 0.9479757854390546 0.46654564744749266 0.8570983734267302 1.3946262346227278 0.9749334236940743 0.6629854904622637 0.758701935980705 0.555132459613709 0.6069572299436845 0.8262688799033575 0.631835015854848 1.3779608892004913 1.5891298074647047 0.5758258570427767
155 620 0.18207065831859995 1 0 1.0154140845363242 0.9130404101857057 1.0251609415862286 1.1004798453805604 0.9274882693262383 1.015124445657102 0.6288334642608757 1.372924383555892 0.9462381123332915 0.46108717346421674 0.8496681403458973 1.4101927809187254 0.9715948107437649 0.6633503325859437 0.7568917373330576 0.5455286859853599 0.6167339511743598 0.8296441514085441 0.6219428372761128 1.3707371498781382 1.5989983501345435 0.5738427184272136
156 624 0.18234811960110223 1 0 1.0100428257054692 0.9417125675637199 1.020633847880426 1.1063239211056448 0.917693781146627 1.0164906279653276 0.6195449606750683 1.3940266876993392 0.9271516997319103 0.45395649573144714 0.850014402169349 1.4431207686767957 0.966690090812002 0.6594740776142152 0.7532702522692704 0.5513219550256457 0.6202494702079699 0.8383319560490221 0.6215344654985817 1.3518313304148195 1.5946408354527768 0.579723675112652
157 628 0.1840432624837494 1 0 0.9754701795189817 0.9534570900899049 1.002247405072395 1.1114231409993272 0.9553570421737969 1.0095624708588964 0.6183982245904587 1.438695508359904 0.9303259566179787 0.45365169794601035 0.8683920290646829 1.4518179880636886 0.9668890359476481 0.6462634970350963 0.7356318670354792 0.5490590005760901 0.6174474224371702 0.8458623147927125 0.6240155192949841 1.3457208341749398 1.584952723714583 0.5702970047143646
158 632 0.18367003196350015 1 0 0.9849936657248018 0.9486448634181334 0.9953544535190489 1.1182658556973741 0.962281696909606 0.9946871188612187 0.6159534051040765 1.4781867178021542 0.9312357098876224 0.4506399539099418 0.8690794612233066 1.4394791497666806 0.9602514305151146 0.6383112890995071 0.7302576433341905 0.5408704515023572 0.6113538700135948 0.8455762813590167 0.6208252678481408 1.3820668200412585 1.562321731589869 0.5741389300923249
159 636 0.18333061637013665 1 0 0.980554710013752 0.9236270142583324 0.9897134509256831 1.094826606854121 0.9645224818414164 1.0280522362067985 0.6122810047450663 1.5368724400352538 0.9242999109052014 0.44632921203412196 0.8690666627859237 1.4225309542063058 0.9438855623156468 0.634804074580037 0.7617176516667788 0.5409471029233226 0.6031894152933801 0.8322099821690263 0.6165343682880721 1.415667381236888 1.5624708067475923 0.5698592251330561
160 640 0.18358463586038215 1 0 0.9679486095775046 0.9276021293317734 0.9828965859790629 1.1220211600342034 0.9456396900705472 1.040555349431409 0.6048937047992234 1.5862667040626208 0.9191901455049034 0.44103169986766727 0.8771861989566336 1.4189668774805753 0.9728550259260268 0.6308724979709983 0.76543186289456 0.5163939791660865 0.5883161121825523 0.8454998315356108 0.6104401751330409 1.4332381134736392 1.5530896202275088 0.5627752866331115
161 644 0.1839777077680514 1 0 0.9721263058200766 0.9219474443067036 0.9724699328701033 1.1439523021522708 0.9546818642902339 1.027507813654766 0.6001519730065548 1.6159074790035612 0.9053845363577874 0.4370325891912994 0.8963270933813535 1.3861641408143393 0.9825905490607277 0.6250505300178496 0.7643595794755894 0.5249160065397065 0.5918307098992455 0.863268804384603 0.6074147146487798 1.402319388518351 1.5286470498921962 0.5644348985739178
162 648 0.18572523547200182 1 0 0.9703124166331366 0.9118964393996725 0.9494650170233211 1.1197189090539013 0.981135700902909 1.0365573225874976 0.5894117119227815 1.6302316361872653 0.9048036502447825 0.4326901569165853 0.8935249226212177 1.4060079241774053 0.9716697488798076 0.6188481678713331 0.8138137378095427 0.529492737936445 0.5776450421035002 0.8504140789318483 0.6037575376619274 1.4043957419989412 1.5218005604022025 0.5374655729683012
163 652 0.18481943687949598 1 0 0.9730345441433375 0.9006826257060634 0.9409353298563357 1.1201771724218064 1.0144651616570692 1.046797844184057 0.5994395926436821 1.6303635683344895 0.8973930177430693 0.43115008567302393 0.8865583159916831 1.3980971262117186 0.9672083186047954 0.615089234196906 0.862975124771327 0.5240875090408779 0.5776100707301332 0.8459729424799847 0.5987557030340805 1.390144199233609 1.4998069822490794 0.5428158238031239
164 656 0.18381224388377884 1 0 0.9740914525068854 0.8914413068571925 0.9311062195330762 1.1079801730782506 1.028793334596845 1.0946374544398731 0.5975448816565387 1.6208764538192777 0.8921005573248851 0.4211634913958585 0.8747229699560665 1.384665114648819 0.9552532664532508 0.6065788160974321 0.912095195578973 0.5217358921438588 0.5699623811657074 0.8487683231279346 0.5930853889126239 1.3932055448671028 1.4846363460542198 0.538500592089568
165 660 0.17790265672035566 1 0 0.9588173318711055 0.9205839584029567 0.9205279024228079 1.106937815222151 1.0255907956422867 1.0898635574100446 0.592521722692851 1.6021064095496773 0.8868133421806006 0.4448422837846028 0.8666026865357889 1.3777045325017645 0.9446064766146579 0.608675041327352 0.9154107082222587 0.5164189640405409 0.5706705762377139 0.8426316565497699 0.5923142051678016 1.3806461211276713 1.4945141452557864 0.5331593669504464
166 664 0.17268369713862114 1 0 0.9488325426288363 0.928552570929036 0.9223843644374159 1.1008659768484632 0.9926539761125781 1.0935327322515251 0.5921273038386029 1.61084394418467 0.8842415779716393 0.45979003499623256 0.8601253089907296 1.3623222334271332 0.9698099864102112 0.6034807549072001 0.9089086368218703 0.5112457588813226 0.5632363047883223 0.8344038749071914 0.5863576651151422 1.4439050041610162 1.4845372106200452 0.5271927865210659
167 668 0.16741123315819462 1 0 0.9376091813529042 0.9195843037842147 0.9171005414401439 1.0951087243775863 1.0413720571536897 1.0736575093012604 0.5919677887957773 1.6013828491325877 0.8770937878269272 0.4800006337567587 0.8505486385980351 1.3583953032171836 0.9674976555500945 0.5970444234690389 0.8993870447285838 0.5083420113824708 0.5606850016414505 0.8338908508996993 0.5808887812812369 1.4500505801393628 1.4841916753280724 0.5258620221367081
168 672 0.162504121762708 1 0 0.9398439672948669 0.9019014796735855 0.9170514146940707 1.084792417639682 1.0529650480842963 1.0931083153538361 0.5997940536294566 1.5899793268652689 0.8704979257138018 0.4752171885791018 0.8512222888118024 1.3566509228913792 0.9618619289807655 0.595615325789572 0.8918410367485126 0.5049666485551424 0.5551551821328489 0.8235573448266471 0.5737565872654953 1.4369644186206567 1.4803309861134828 0.5196882586981978
169 676 0.15719256500892567 1 0 0.9293974961496823 0.9082012354112877 0.9270227443126403 1.0855729809071089 1.0744178870441699 1.1095256936959497 0.5987490610145964 1.586768950939291 0.8620471337470095 0.47367904452340576 0.8367749598928945 1.348402939045317 0.9518083359613052 0.5901528027520108 0.8828238006765687 0.4975674458120114 0.5501877675791912 0.8000329051116095 0.5716503356830409 1.4224811385103486 1.4729983418470578 0.5236820779842816
170 680 0.15475884750851002 1 0 0.9251433516067543 0.9111262622104138 0.9195875360681908 1.109085754834691 1.0786058083761243 1.165843864382627 0.5829408399990771 1.5540205698973646 0.8544115305186134 0.4746809602494338 0.8342184420241446 1.356488044525606 0.9509523141013364 0.584977642208851 0.893983410844779 0.496138115650676 0.5368374971829725 0.8224123150761393 0.5651648820861004 1.3858225193518392 1.460806985320466 0.5249597284934622
171 684 0.15464157451338803 1 0 0.9084939196099153 0.9153486163525361 0.9114597742317261 1.1073285409217213 1.0669114424073436 1.1859248377106668 0.5873370910210144 1.5848211163722794 0.8493294395060266 0.4749908404531837 0.8237483736227875 1.3776329799683338 0.9442301675002464 0.5805947235116684 0.8542469789827678 0.49209116323870233 0.5615793760962452 0.8160372610364872 0.564143573306423 1.4313554489413873 1.4445276767046193 0.5228760931135273
172 688 0.15763323715308744 1 0 0.9242421877099556 0.9148721268798701 0.9003798834628929 1.0987459540030893 1.0650249240817289 1.1951766910865538 0.6034166758249209 1.612321501429792 0.8413614395631618 0.477429451433097 0.8222607172734997 1.4294434143615133 0.914355944126731 0.57771587403266 0.9488608454526261 0.48837719293247395 0.5676750663508577 0.8119972635316816 0.5566399363854743 1.4560775230600405 1.4311530531375924 0.5158731409890016
173 692 0.16052490688368648 1 0 0.9067208154492018 0.9910086774351076 0.8886319790152388 1.0904366858938905 1.0745253247944817 1.1804580626598478 0.6053679569348904 1.6745029321633313 0.8317817305984929 0.48565231434637884 0.8075890237987728 1.4285655959373051 0.9060627547164769 0.5713731800755104 0.9670090776003121 0.49017745969349796 0.6046768138652774 0.8070848611145202 0.5531819036095067 1.451853884918302 1.3992281102365092 0.5120072907983172
174 696 0.15991473807329165 1 0 0.9018823670663233 0.9920482410573285 0.8774849009269527 1.0463483943336156 1.069275716939614 1.182665136753101 0.6065987203633633 1.6979614127502 0.8220325011248383 0.4837016394890051 0.8247423354431659 1.417523994026094 0.9009929741385834 0.5713636190813832 0.9749201088884896 0.48765540976691435 0.6233957399838331 0.801307499727078 0.5527471140472386 1.4547189677373986 1.4487191916126727 0.5042321024755417
175 700 0.16056309658018525 1 0 0.8969780168994647 1.0215814084557797 0.8688842190219913 1.0992689842923902 1.0687501968620814 1.1709746593169856 0.6031612004548569 1.7077394300034026 0.8198048730169434 0.4807508475905673 0.8284458582605885 1.3853354457332228 0.8954844876602779 0.5714932620757864 0.970692310892323 0.49426061839311175 0.6532958401783167 0.7936386299449374 0.5442329154632907 1.430482692061111 1.4586773489368383 0.4971821265971833
176 704 0.16024546305824688 1 0 0.8865389018221109 1.0272086718771245 0.8596185051544386 1.1040737856124772 1.0599172004496866 1.161376150335531 0.596519444076319 1.7791668150655329 0.8327312333284986 0.4795307066235495 0.8245016198051525 1.3625521521953674 0.8906177482604422 0.5688742460666036 0.9374547028410031 0.5138216549789552 0.6801901470276985 0.7848776883826791 0.5365884368691896 1.4126848452250163 1.4715752678649707 0.49177090443555754
177 708 0.15924562980203896 1 0 0.8887709768751407 1.0324336528083697 0.8625564798498904 1.1375568469449369 1.060311051852809 1.1519420994766991 0.5921024275449599 1.8187015936223292 0.8242118861047042 0.4777488092534392 0.8039072277017202 1.3724335458311447 0.8845112677366844 0.5630132640220376 0.9813378046034265 0.5138310072851666 0.6908151119937511 0.7721569295643346 0.5386293789733942 1.4133352716171235 1.4788714011475708 0.4877586473506575
178 712 0.15831772363057245 1 0 0.8730956382226202 1.0412726082588932 0.8588840656758829 1.1702086238141063 1.0547166649422925 1.1409626377290283 0.5740662356960522 1.8128918457597165 0.8306246862564971 0.4721450432890939 0.8029565888169705 1.366354880365993 0.868585846581467 0.5625028053718399 1.0042509066173755 0.5195385525840862 0.7086534090955182 0.7571272670756575 0.5369305147948248 1.4115198073341892 1.482281756573942 0.4856106110420077
179 716 0.16084854746168661 1 0 0.8606644432841146 1.0608383731869422 0.84668498802877 1.1756581129934398 1.0501268599173292 1.134926331390213 0.573324072028364 1.800404721682236 0.8838952196256591 0.47052838591429136 0.7995738175447824 1.407389539323613 0.8764837856989172 0.5564802681251664 1.00797376514302 0.5244567045864983 0.7135589286534391 0.7469623843281501 0.5355308350337739 1.4041889899444764 1.614716925142984 0.4832058312447783
180 720 0.15865831084279416 1 0 0.8397218290974033 1.0631586257902814 0.8399337480009341 1.159030652323127 1.033519146759491 1.1262984939503966 0.5597746727830267 1.7825164962277857 0.9275277691135092 0.46598117813117884 0.8021682068881327 1.4226122160739272 0.8712773287479246 0.5504856724743106 0.9983565027727005 0.5086011295852776 0.711749131352792 0.7459648460666606 0.5343706199692932 1.3809923198587932 1.666810553564828 0.48076357360652827
181 724 0.15852419639811938 1 0 0.8785640029087354 1.045358157079039 0.8374774115661099 1.1614678458731975 1.0388631251482277 1.118928340996934 0.5742001959521134 1.767688728809415 0.9477782600992252 0.4629195658673861 0.7751927930767948 1.410897793575776 0.8645000757831023 0.5464474511744333 0.9865682706066661 0.4945765610920709 0.7122630346160195 0.7362909901899317 0.5297947041368584 1.368776102000941 1.7016641879524876 0.4882524991670844
182 728 0.16060845178685879 1 0 0.910581445578854 1.038709656061925 0.8674516304653841 1.2273475166061334 1.0412205121666445 1.1295246512026929 0.5923898673375927 1.7465545201173203 0.9718570328150656 0.4653950335344194 0.7599095623707518 1.3928912858719045 0.8543382788953906 0.5422130684700687 0.9756239426979006 0.4882442661361096 0.7066219848666248 0.7277258054474185 0.5366107621763783 1.361577635343635 1.7011930415565073 0.484659849458095
183 732 0.16187179608370797 1 0 0.9073905535169384 1.044672915338355 0.9018842935829233 1.2225260633411617 1.0294422831264767 1.115588461877191 0.6309780432472202 1.8133188749487874 1.00337014718208 0.4598829079073232 0.7542585120627028 1.372053064333917 0.8460191237795036 0.5498833659982859 0.9684389914671304 0.48228728223996564 0.7012695546044967 0.7175793344790236 0.5383788186097201 1.3685220344962232 1.7010525686768345 0.48630527440773974
184 736 0.16172041146140023 1 0 0.8977427830095235 1.0436828495987325 0.9246137439083055 1.188941464440901 1.021626263164436 1.0991936130751747 0.644002296813226 1.9352484114870754 1.0168663775123363 0.45172908103526493 0.7458506044693229 1.3730689558008982 0.8413822667659074 0.5341987167106832 0.9571095331002165 0.4778149148747205 0.7044546964016553 0.7265484593035664 0.5379678664484338 1.3680344762078613 1.6893088726428693 0.4832452512801359
185 740 0.16651735947408153 1 0 0.9017897866993982 1.0499319495638313 0.9169745920034788 1.2516150983262948 1.0122717229909666 1.1013154852348013 0.6663748411297448 1.983023368176017 1.016190514615667 0.45136710181430656 0.7725786137024967 1.3503484431239552 0.8348661015415451 0.5644733658486094 0.9456575848360914 0.46545621384793257 0.7078593702451507 0.7222742105898355 0.5354044816309729 1.360308317882968 1.6635631168989833 0.47913044246322795
186 744 0.17040287663129264 1 0 0.8914546049436582 1.062308213178182 0.9161075761680991 1.2920396053194834 1.0066425455228285 1.0684889154679735 0.6947123555312996 1.9865990430105482 1.0083616359111307 0.4541595264289242 0.7696169578768512 1.3531279392303774 0.7799092834706273 0.562289194757343 0.9438047757868363 0.4751469567062101 0.7205896818841272 0.7771745354269598 0.5323162284939434 1.355955969910137 1.6400214709461354 0.47364522803404363
187 748 0.17711991026211277 1 0 0.9011803662114394 1.0526907729646 0.923515633183628 1.3235765031673958 1.002195773660685 1.085584567161203 0.7201516120462441 1.9734249179547008 0.9967918138721509 0.465533752234863 0.7707910250273945 1.3628486438120804 0.7960801802100782 0.5855476294731862 0.9571300757536545 0.46945179852790586 0.679822205332722 0.7939549109598768 0.5252734667032184 1.366518706633272 1.626426325096696 0.47025691327981645
188 752 0.18248259797134658 1 0 0.8937441830101478 1.0882426992347816 0.9179222962247412 1.3164936059945218 0.9907393993398805 1.085578799148662 0.7524768170838038 1.9208033505774569 0.9931707043352932 0.46126552574442176 0.788886312031726 1.4106011380950807 0.7927170819345185 0.5970549481260293 0.9627973670289149 0.46595049962124246 0.697365522990982 0.7923567636252383 0.5211560012746481 1.3564728816337281 1.6138907988341216 0.46003197207236907
189 756 0.19273199582672296 1 0 0.8811472506520474 1.093724439873678 0.9448907184952787 1.358182659955759 0.9772584445778663 1.0813916725879036 0.7735176368685842 1.916960077480105 1.0132191568129907 0.46810761859434746 0.8215905308331121 1.4622188213543945 0.7862683103198517 0.5953519656175367 0.9553494773752114 0.4842246757222519 0.6722349161811229 0.7836565094777744 0.5116808050305013 1.3390503916898904 1.6094435748730571 0.45788928266689455
190 760 0.2018421931598227 1 0 0.8742944705408898 1.085884378519828 0.9747738347145892 1.3766303717504327 0.972478181897913 1.0756517207698923 0.7794288968242019 1.898004998362093 1.0089832432223707 0.462338117588792 0.8809603035282645 1.4947546801038936 0.7794364834964048 0.6047098670495918 0.9626000723535327 0.4870265224500356 0.6759293279351667 0.7715325458201618 0.5148850166489892 1.3596838890541312 1.5937671994310376 0.45562121209184686
191 764 0.20756616294743407 1 0 0.864279548002298 1.0608333479784722 0.9826345354715997 1.367827594111333 0.9510411793044381 1.0698842552986478 0.8172073149257152 1.880099167402455 1.0201217002108873 0.4589524714332502 0.9041439610678946 1.474945991461718 0.7742970290087694 0.6167118180547273 0.9635251156975456 0.5044153125890173 0.6656085188131885 0.7663827966896843 0.5123647504518161 1.3632623474186403 1.5448126852932276 0.4512549819872889
192 768 0.21730914255991382 1 0 0.8670370535447816 1.0542764182274165 0.997890985053898 1.4220569588995944 0.9662138434288446 1.062703437519202 0.8483434369664685 1.8482891449354508 1.0187337335206283 0.45652871033537645 0.9190339187323693 1.5031923554967792 0.7623028837796088 0.6202891134099476 0.9606448116453308 0.5150990561829832 0.6690487185796279 0.7632311212440902 0.5075760015798414 1.3480075197800645 1.5810561520674553 0.4377260501677624
193 772 0.2245708406521436 1 0 0.8618458680257289 1.0588124869207123 0.9939873322233019 1.4411060265820703 0.9473689780769688 1.0538993877042309 0.8637810846382974 1.8500119685004748 1.0028249455348743 0.45455987958785277 0.9331718001053475 1.4954566194377459 0.7549294147766443 0.6022826013262355 0.9548227337409426 0.5426358944098556 0.6644547366450155 0.7557842121696776 0.5030196627000941 1.392451826209662 1.5643963085424757 0.4553726765172562
194 776 0.23025624368275055 1 0 0.8559492128555812 1.0656156071756469 0.995271061459162 1.4446984618155916 0.923102485882639 1.0433915523622703 0.8787758401887152 1.7930914999299055 0.9999007735761469 0.4496986869366443 0.9371043615731243 1.4945605569802827 0.7491225912585452 0.6009218136696769 0.9473407161878783 0.5488973831083762 0.663385973902058 0.7494424484301655 0.49849290458190887 1.48065214248086 1.571896058086446 0.46762118864535746
195 780 0.233892071751497 1 0 0.8592340191868076 1.0577490311406552 1.0494298696658457 1.4204383885044527 0.9332768152847338 1.0342536107675653 0.8885713985232208 1.8364522935716785 0.9721617961091585 0.43700942862767045 0.9377115521856642 1.4508393115870928 0.7461249487933831 0.5967199973740015 0.9436898169243384 0.5454630499613776 0.6543054481268632 0.7445200145512674 0.49663387305502504 1.510749906383951 1.5652761796242731 0.44198584943951036
196 784 0.23766649593336805 1 0 0.8591790968595909 1.0511630286218985 1.0431359079193905 1.4171641418099687 0.9587416526272052 1.026867968042718 0.9042734663635812 1.8399636692517616 0.9778564733073017 0.42967293023987235 0.9184339766628036 1.464699801831967 0.7570395174427627 0.5902688780546174 0.9335002434199717 0.5367557572014848 0.6593722995884777 0.7605570370688972 0.4919380670628422 1.5144536283296455 1.5441202806366994 0.4443462921703001
197 788 0.2390281097340267 1 0 0.8608654411442125 1.0430937278672774 1.020517273047664 1.4058606977281525 0.9717997739443464 1.0195375309807009 0.8977550730689152 1.8236659295742557 0.9651713872578984 0.4314204828134446 0.922808318165365 1.5010199410022536 0.7826999203798208 0.5861094474078958 0.9321641336989777 0.5318748788560635 0.6572822970293751 0.7431940911749734 0.48517299930977764 1.513090516681434 1.4949692222307975 0.45404852898507636
198 792 0.24263733320112482 1 0 0.8971297371827494 1.0332987628148254 1.0212946630437267 1.4012747048877119 0.9724589789615622 1.0030184065705123 0.8889862415340237 1.8117449165173405 0.9472834032778322 0.43811165057304646 0.9439729319434685 1.3909397386330318 0.8105485118342236 0.5918604861315321 0.9261917385684949 0.5272401284261828 0.6513242960806851 0.7582476068493047 0.4773849765668269 1.506674143838001 1.487892245987006 0.46632213350642554
199 796 0.2398391023638034 1 0 0.9239602725411967 1.0086624705842289 0.9966548434551179 1.3913444536975663 0.9625108029828773 0.9994719266612916 0.8772148144533665 1.7774252405284556 0.9382602055846359 0.43979310556336093 0.939458813431609 1.3847264784571127 0.8113336786909138 0.5874968678183137 0.9132862299311068 0.5202156807521195 0.6545007288043756 0.7564113157911285 0.4731393788318774 1.4967953729782764 1.4735112694618235 0.4697127608347673
200 800 0.24264527173144068 1 0 0.9910976213312619 1.0472422981983454 1.0384657275185971 1.3787195377667705 0.9599926716378576 0.9925645987314219 0.8818930678837927 1.9482494588038213 0.9259804704727681 0.43970962262127933 0.9376273498487445 1.3768495114793782 0.8080473015755094 0.5827045478643574 0.9055620117984202 0.5131268998159202 0.6482252136411605 0.7652972676833419 0.4708476498092585 1.4727846512335483 1.4686457726896178 0.4686102402680207
