% # columns="iteration, evaluation, sigma, max axis length,  min axis length, all principal axes lengths  (sorted square roots of eigenvalues of C)", seed=1752487760, Mon Jul 14 03:09:45 2025
1 4 0.4663908570671235 1.028465618154434 0.9712877795502202 1
2 8 0.4364999880925108 1.0339239089071028 0.9529345991742011 1
3 12 0.4114138781461166 1.040711754284402 0.945794602034266 1
4 16 0.4069601948248282 1.0490373090133418 0.9436390899716147 1
5 20 0.41157661253033717 1.0510306195341932 0.9403990603089313 1
6 24 0.4183580808098298 1.0762254514668308 0.934184371333482 1
7 28 0.43562975919813607 1.1463724739714276 0.91740829438104 1
8 32 0.45445911194230265 1.213286431862344 0.9117944101792823 1
9 36 0.47404756402611403 1.2512820390822001 0.9071216324987972 1
10 40 0.4836751923590906 1.2052397008474862 0.8995181603920206 1
11 44 0.4942010917629505 1.2354640414987736 0.8820011851529066 1
12 48 0.4973122324719751 1.2222083463308262 0.8751140272856297 1
13 52 0.5027896268859119 1.2148308278524855 0.872562051426275 1
14 56 0.5024082522765434 1.2171599685277867 0.8761293400925669 1
15 60 0.500940103578832 1.227531395846434 0.8770624604973574 1
16 64 0.495358228611566 1.214516123927789 0.8653548386916056 1
17 68 0.4804287184382757 1.1804617625155764 0.8427975159992555 1
18 72 0.4710364169397076 1.1842540329495488 0.8578435597990239 1
19 76 0.46134380070023934 1.2251815988287758 0.856225154709231 1
20 80 0.45732816246647906 1.2490336863890124 0.8423020176460589 1
21 84 0.4652771711730822 1.3262894422791407 0.8231197226076921 1
22 88 0.4654444763126088 1.3488460762824512 0.8250805802878297 1
23 92 0.4626968552164442 1.3492869233520415 0.8271555483101299 1
24 96 0.45898220756755287 1.3388243556656632 0.8243209720422993 1
25 100 0.4597188739237247 1.3338400126154553 0.8285229243538402 1
26 104 0.4629797968550235 1.3102130582986748 0.8246401506852099 1
27 108 0.4645590213524594 1.310340067433506 0.8223951289694198 1
28 112 0.45127214795546317 1.319601074492279 0.8222952039203696 1
29 116 0.4447121692545271 1.3134920996899384 0.8170604719136172 1
30 120 0.44206887023796976 1.3116486774163163 0.8125373657438798 1
31 124 0.44725954121653677 1.2999886841385475 0.804816920458882 1
32 128 0.45151355141002986 1.2901136092666123 0.7996392760366244 1
33 132 0.4542819147504384 1.307959244853364 0.7921112289727441 1
34 136 0.4684614192687665 1.4387229088871292 0.7711222825968643 1
35 140 0.4836963094873428 1.5509233118855452 0.769456749743178 1
36 144 0.5000521576169326 1.5740173908965562 0.76281241688518 1
37 148 0.524624337008156 1.5816753842061848 0.7397761537115232 1
38 152 0.5501292817732617 1.6523108519021066 0.7426074641458917 1
39 156 0.561346789634336 1.6730629551305676 0.7357788104829657 1
40 160 0.5594200584029928 1.7015069521120285 0.7365182026901081 1
41 164 0.5637746210172049 1.699749498319176 0.7324149266795228 1
42 168 0.5718095180012669 1.6627548501342262 0.7263562356338014 1
43 172 0.5707597117840276 1.6616230256162003 0.7185999405357423 1
44 176 0.5850731484682732 1.659464186454146 0.7139197249424193 1
45 180 0.5933298152443559 1.6599890439529876 0.7187735137587348 1
46 184 0.5946578279114239 1.643052647865697 0.7100071465452068 1
47 188 0.5925731588199459 1.6177133876123602 0.6993603136559562 1
48 192 0.5857028236962821 1.6028677085416732 0.694345863965689 1
49 196 0.5715864872062252 1.5881779279529127 0.6924778241404026 1
50 200 0.5513925491679394 1.5828818686633304 0.6882153150520022 1
51 204 0.5399955513761262 1.5694280844748665 0.6870591326608433 1
52 208 0.5235025795157112 1.5581056136703921 0.6808109311497509 1
53 212 0.5019154936209262 1.5345945520297566 0.6788076363052704 1
54 216 0.48697603989480825 1.5339635724170735 0.6743700787750337 1
55 220 0.48380540426473617 1.5388970512856237 0.669525207583692 1
56 224 0.48128919807122583 1.5689799457903517 0.6601101266383944 1
57 228 0.46784501624623953 1.536399492014654 0.6548737057381943 1
58 232 0.4441132421458776 1.512989758443259 0.6535910660028644 1
59 236 0.4278003934966422 1.5177061829438103 0.6626252290361172 1
60 240 0.40886176669481017 1.496666825085958 0.6604219541486136 1
61 244 0.38912562823687175 1.4900508461640012 0.6534527305290527 1
62 248 0.37111767587317157 1.472099856627345 0.6492477399641831 1
63 252 0.3574015595029511 1.472141561095267 0.6472471889479808 1
64 256 0.34507485308913644 1.4886642604752647 0.6425568569958006 1
65 260 0.3373107456213004 1.5350860840022809 0.6324285007895942 1
66 264 0.3331277937088824 1.5727431010058268 0.6287493938510219 1
67 268 0.3347613357733197 1.5942087447292288 0.6267146814394929 1
68 272 0.3288992995906883 1.6001058925061329 0.6224806561712639 1
69 276 0.3188550386976622 1.5862469376248682 0.6130316393601778 1
70 280 0.31224385357421475 1.5719895238379027 0.604031158382077 1
71 284 0.3011012048985031 1.5648757161926685 0.593111535203417 1
72 288 0.2918853985336259 1.5506226733789563 0.5912366900002032 1
73 292 0.2872596347449912 1.5376556225966957 0.5833687232761946 1
74 296 0.29143003846017784 1.5204339158056348 0.5917973363449502 1
75 300 0.2899209082313052 1.5136359925914349 0.599998998136149 1
76 304 0.28728350011716003 1.5197735433103117 0.6152440794480355 1
77 308 0.286031194558821 1.4864022610937435 0.6179843834470848 1
78 312 0.2854748210566739 1.4865932033610842 0.6169581660948285 1
79 316 0.27746095522127856 1.4712904294667541 0.6028641360804233 1
80 320 0.2769958775274674 1.472039924963897 0.5970364445114177 1
81 324 0.2785313476747525 1.465229941044368 0.6470558780057104 1
82 328 0.27286532488969845 1.457861942251841 0.6609046338352524 1
83 332 0.26557307969197624 1.4457525790868317 0.6581400998898952 1
84 336 0.2596956788463445 1.4485799996822804 0.6575240318077814 1
85 340 0.2545728757540671 1.4255502121566828 0.6602706487663023 1
86 344 0.2478382973386532 1.4260814875746497 0.6471973254528346 1
87 348 0.24432656832562893 1.4360435853240365 0.6374136376044207 1
88 352 0.24296821644007194 1.4650767055170593 0.6349047419481416 1
89 356 0.23779115480458324 1.5312577729252468 0.633608212683471 1
90 360 0.23875843351259438 1.6380257527776578 0.6308899554587108 1
91 364 0.2344046686144734 1.6764828045426958 0.6213979225436177 1
92 368 0.23071745043671962 1.6569094048982946 0.6178085581612807 1
93 372 0.22965536417454144 1.676174498774089 0.6028237146439541 1
94 376 0.23187253730774976 1.723248211100996 0.6214153360438103 1
95 380 0.23098850960441739 1.7250846147892396 0.6173322891602555 1
96 384 0.22914461841824896 1.6923693347503748 0.6124944941308837 1
97 388 0.22656464869725063 1.6748007357171024 0.607536047610958 1
98 392 0.22621469644119951 1.6861351888386928 0.5984835975909001 1
99 396 0.22377261159302395 1.6562983350685185 0.5950249472793742 1
100 400 0.22257548315376835 1.6565586051556247 0.5942875918807117 1
101 404 0.22448402551904453 1.6457397771740856 0.5908364579045263 1
102 408 0.2303172297320906 1.6196048470775388 0.5893084078122952 1
103 412 0.2333791866678726 1.5936006748756872 0.5878345489614492 1
104 416 0.23281692656814995 1.5807275421812557 0.5868303380980494 1
105 420 0.23321553722079116 1.566109660512104 0.588056934074767 1
106 424 0.22958258335369316 1.5412965268643495 0.5886643977487278 1
107 428 0.22999068519330393 1.531187783999461 0.5838240611218035 1
108 432 0.22731769277190686 1.5253900818662482 0.5749850678241736 1
109 436 0.22589302986216234 1.4984470136753612 0.5772772032340324 1
110 440 0.22943175243534858 1.4912499182174894 0.5842788996797275 1
111 444 0.23366949608902754 1.4732511208219878 0.5804359081078619 1
112 448 0.2310387212896801 1.474214965081549 0.578655625570488 1
113 452 0.228202659918668 1.4934840797318134 0.5705033348073278 1
114 456 0.22882205456085117 1.5187301927328825 0.5660450909998196 1
115 460 0.22538889586610283 1.5123693773295643 0.5632442551131835 1
116 464 0.22150915050168465 1.5080306018596048 0.5619962369309198 1
117 468 0.22456337403885704 1.5164712793052277 0.5548982914667345 1
118 472 0.22779395440764014 1.5118404103781484 0.5528795610336308 1
119 476 0.22368567785684526 1.5070004031897257 0.5486297038668444 1
120 480 0.2207260277068811 1.473261135245878 0.5459055219490111 1
121 484 0.2137165091188734 1.4904665450727863 0.5357700986627828 1
122 488 0.21246915781132503 1.4775272868884672 0.5333898422851695 1
123 492 0.2111851756462456 1.4725247589440769 0.5243235266046025 1
124 496 0.20932648879198182 1.465150920999713 0.5162430442210139 1
125 500 0.20229247192222372 1.473158391048432 0.5177734374298797 1
126 504 0.19707227984577383 1.5300404489215174 0.5052801930872713 1
127 508 0.1943295455353798 1.5421213979570358 0.5049195173901144 1
128 512 0.1948026383911035 1.5507872109213445 0.5016891204952069 1
129 516 0.19731175189389624 1.5520807711445912 0.49380974146618917 1
130 520 0.20246148361600816 1.52760795169567 0.48105254725827123 1
131 524 0.19967301033830978 1.5323009410322357 0.49019023857721633 1
132 528 0.1980963374813996 1.5645564944459616 0.48741138519695304 1
133 532 0.198439657470838 1.6058748537966583 0.48402957327970064 1
134 536 0.19924729475366923 1.613850951975267 0.4748332942542493 1
135 540 0.20106990065626082 1.6185728732713425 0.4738852904273667 1
136 544 0.20149777326689525 1.6069192025444485 0.4711181002624796 1
137 548 0.20159795023843388 1.5935368560726606 0.46961276861054246 1
138 552 0.2064860353413417 1.5807931177574064 0.4635136695197059 1
139 556 0.20967968061373557 1.6082930885700115 0.4577887432675452 1
140 560 0.21467073730672148 1.5996118280492972 0.45557218185376364 1
141 564 0.21433238699873233 1.594832880081748 0.45173354767340873 1
142 568 0.20925865654601966 1.5765376985372743 0.43652596633421575 1
143 572 0.20414152620983342 1.590405625384193 0.4474149065934542 1
144 576 0.200258140218483 1.6211006420647311 0.45001471207331273 1
145 580 0.19975443435643772 1.6415009345738507 0.46127629378232304 1
146 584 0.19795767355547791 1.6395032713006168 0.46520417664885494 1
147 588 0.19612269306855074 1.642850062239152 0.46315015538961146 1
148 592 0.19365296146350328 1.6292540532187212 0.4517844627283586 1
149 596 0.1997166369422641 1.6109107514128265 0.47944734629663305 1
150 600 0.19981198073604928 1.5784752859680247 0.4770624052139421 1
151 604 0.19417105439938365 1.5853728236587732 0.47719403618054385 1
152 608 0.19153522803657588 1.604019305104968 0.474379274025504 1
153 612 0.1895428376088619 1.602671686723408 0.46958373482266536 1
154 616 0.18392878170482824 1.5891298074647047 0.46654564744749266 1
155 620 0.18207065831859995 1.5989983501345435 0.46108717346421674 1
156 624 0.18234811960110223 1.5946408354527768 0.45395649573144714 1
157 628 0.1840432624837494 1.584952723714583 0.45365169794601035 1
158 632 0.18367003196350015 1.562321731589869 0.4506399539099418 1
159 636 0.18333061637013665 1.5624708067475923 0.44632921203412196 1
160 640 0.18358463586038215 1.5862667040626208 0.44103169986766727 1
161 644 0.1839777077680514 1.6159074790035612 0.4370325891912994 1
162 648 0.18572523547200182 1.6302316361872653 0.4326901569165853 1
163 652 0.18481943687949598 1.6303635683344895 0.43115008567302393 1
164 656 0.18381224388377884 1.6208764538192777 0.4211634913958585 1
165 660 0.17790265672035566 1.6021064095496773 0.4448422837846028 1
166 664 0.17268369713862114 1.61084394418467 0.45979003499623256 1
167 668 0.16741123315819462 1.6013828491325877 0.4800006337567587 1
168 672 0.162504121762708 1.5899793268652689 0.4752171885791018 1
169 676 0.15719256500892567 1.586768950939291 0.47367904452340576 1
170 680 0.15475884750851002 1.5540205698973646 0.4746809602494338 1
171 684 0.15464157451338803 1.5848211163722794 0.4749908404531837 1
172 688 0.15763323715308744 1.612321501429792 0.477429451433097 1
173 692 0.16052490688368648 1.6745029321633313 0.48565231434637884 1
174 696 0.15991473807329165 1.6979614127502 0.4837016394890051 1
175 700 0.16056309658018525 1.7077394300034026 0.4807508475905673 1
176 704 0.16024546305824688 1.7791668150655329 0.4795307066235495 1
177 708 0.15924562980203896 1.8187015936223292 0.4777488092534392 1
178 712 0.15831772363057245 1.8128918457597165 0.4721450432890939 1
179 716 0.16084854746168661 1.800404721682236 0.47052838591429136 1
180 720 0.15865831084279416 1.7825164962277857 0.46598117813117884 1
181 724 0.15852419639811938 1.767688728809415 0.4629195658673861 1
182 728 0.16060845178685879 1.7465545201173203 0.4653950335344194 1
183 732 0.16187179608370797 1.8133188749487874 0.4598829079073232 1
184 736 0.16172041146140023 1.9352484114870754 0.45172908103526493 1
185 740 0.16651735947408153 1.983023368176017 0.45136710181430656 1
186 744 0.17040287663129264 1.9865990430105482 0.4541595264289242 1
187 748 0.17711991026211277 1.9734249179547008 0.465533752234863 1
188 752 0.18248259797134658 1.9208033505774569 0.46003197207236907 1
189 756 0.19273199582672296 1.916960077480105 0.45788928266689455 1
190 760 0.2018421931598227 1.898004998362093 0.45562121209184686 1
191 764 0.20756616294743407 1.880099167402455 0.4512549819872889 1
192 768 0.21730914255991382 1.8482891449354508 0.4377260501677624 1
193 772 0.2245708406521436 1.8500119685004748 0.45455987958785277 1
194 776 0.23025624368275055 1.7930914999299055 0.4496986869366443 1
195 780 0.233892071751497 1.8364522935716785 0.43700942862767045 1
196 784 0.23766649593336805 1.8399636692517616 0.42967293023987235 1
197 788 0.2390281097340267 1.8236659295742557 0.4314204828134446 1
198 792 0.24263733320112482 1.8117449165173405 0.43811165057304646 1
199 796 0.2398391023638034 1.7774252405284556 0.43979310556336093 1
200 800 0.24264527173144068 1.9482494588038213 0.43970962262127933 1
