% # columns="iteration, evaluation, sigma, void, void,  stds==sigma*sigma_vec.scaling*sqrt(diag(C))", seed=1752487760, Mon Jul 14 03:09:45 2025, <python>{}</python>
1 4 0.4663908570671235 0 0 0.4617791099733263 0.46257992214312466 0.4529997399632505 0.4686155415795273 0.4578558038006814 0.46197809713393806 0.4676195358176207 0.4611344749393035 0.4796669611151155 0.4589367995901972 0.4650352136031579 0.4647318577715745 0.4714979373912466 0.46703437683020155 0.47547713706705025 0.4630926239346293 0.453021102184268 0.4546775449733132 0.4658331332148481 0.4611289859781181 0.4589693835544169 0.4626293988730732
2 8 0.4364999880925108 0 0 0.4284236002743281 0.4308134985408279 0.4159559411924803 0.4358498055599617 0.42989882964385856 0.4293188798639491 0.43643233960875183 0.4278645682216479 0.44728833596845796 0.42081389694345184 0.42672580941056293 0.4272764251293607 0.4513077739265126 0.4417343172138894 0.44371471391959816 0.42480859230218904 0.42201020002234263 0.42327879286904596 0.43316397180726873 0.42866174568970916 0.42614300101380426 0.4238464926217791
3 12 0.4114138781461166 0 0 0.39857293633338775 0.39955907439996907 0.3915677781581847 0.4161297719850065 0.4057005848538533 0.40206338502333305 0.40865789531845664 0.3999421163296106 0.4163851497423093 0.39214410746779976 0.4031606353535765 0.401479284577491 0.42816325886239415 0.42502752816940287 0.41462965597207985 0.3991995732188525 0.38911302515258034 0.39574307528322555 0.4065180319845508 0.39532989042472033 0.3995708380555083 0.3927413161305688
4 16 0.4069601948248282 0 0 0.40416496509185285 0.3928916111073373 0.3942019869221601 0.4269164276545831 0.4035061586348932 0.4014289764583994 0.400350427714754 0.3924460712318455 0.4157090960603591 0.3840235478991719 0.4003783541498996 0.3951042428754543 0.42246759442592985 0.4234185716641891 0.4048224442872525 0.39155539105979975 0.39146899364355725 0.3894635892867464 0.41134789001455385 0.4011162526703664 0.3871173951891676 0.38701067587161214
5 20 0.41157661253033717 0 0 0.4211947017643401 0.3918162005851406 0.4020991889321114 0.4317659849788164 0.4094512330671762 0.41103854116537375 0.40431073622367075 0.4239834409020199 0.41829121318573836 0.3870462596686622 0.3989625965031703 0.4096601114067399 0.4244740087602067 0.43257962205354483 0.4069828558321939 0.39494047741393745 0.3963041621052941 0.3910222700141298 0.42063065129234517 0.42522663085582163 0.38956251349175675 0.38727640433227845
6 24 0.4183580808098298 0 0 0.45024761439435596 0.39921319572364167 0.4267053284203071 0.4413149409501733 0.41046474104504804 0.4365806370533839 0.4064952305870825 0.4365554016189677 0.4190039825816216 0.39368342139239354 0.3950174351728577 0.42884413628558854 0.4268962644558826 0.4375487758790384 0.40995368733977416 0.3961407946218171 0.39819972871756176 0.4005168897845276 0.4301925977282352 0.4396607963963125 0.39383504249049545 0.3908235807136129
7 28 0.43562975919813607 0 0 0.4993939647875445 0.41939157576578195 0.44635575753844675 0.4607895983312335 0.4392979531124334 0.4747070713229577 0.42175921678263695 0.4514171274607101 0.42956631750356855 0.4079225360103035 0.41730875373032106 0.44998962966312245 0.43962194580343394 0.4675349043691052 0.4144102160311946 0.41303029701687005 0.41400597088158236 0.41943654192133567 0.44647288889851716 0.4500284130377156 0.40594658429938657 0.39965035436758517
8 32 0.45445911194230265 0 0 0.551389074355806 0.4355553226062964 0.47929815084752053 0.48192733769454554 0.46051239425658114 0.498435298995292 0.4397562092807078 0.47364589604487495 0.44086449129792477 0.41784575941477925 0.458252950089045 0.46819280627841775 0.4551715591331979 0.48958085438855775 0.44535942940254825 0.42873942663723 0.4299331476520214 0.44505489703319784 0.4670445437679583 0.48422520384380585 0.4143732779240323 0.4170939144591515
9 36 0.47404756402611403 0 0 0.5931672025365458 0.447757728705378 0.5159286286149585 0.5005700303332772 0.48988847779964345 0.5238058166244771 0.4536544591701319 0.4899967725684059 0.4671392007952507 0.4491979798921897 0.5009759450939506 0.47778755267776524 0.4708911860017519 0.5081160641029936 0.46592175870043145 0.4434676522835837 0.4464262613403208 0.46416170900459114 0.48295350719586805 0.5201914789700468 0.4353446921271313 0.4300188001614466
10 40 0.4836751923590906 0 0 0.5829445441462208 0.4554819552991931 0.5283149824744476 0.5142372332136659 0.513062594501735 0.538381005555802 0.45992869657574065 0.49763205189868476 0.48119009238868615 0.46626559237975285 0.5191533274264496 0.48635857779456193 0.47554392573742904 0.5073181926767387 0.4813239712463786 0.44721620026206244 0.45297570339362025 0.47009906111665467 0.4919563253168296 0.5302491342647409 0.44598538085009204 0.43507461925810587
11 44 0.4942010917629505 0 0 0.6105676781425612 0.45468573515006866 0.5314681919721628 0.5198559489688754 0.5441179276670817 0.5463086552229108 0.467577011962666 0.5020751959655195 0.5033807392734837 0.4897253363632451 0.5535642426341292 0.49535193081649465 0.4807607966123368 0.5174234759689708 0.49610230508018305 0.453504353726354 0.45909611896476754 0.4758123140756465 0.4975093213779021 0.539959330365581 0.45360722277813054 0.4358859486387827
12 48 0.4973122324719751 0 0 0.6078191612596641 0.45806048478352657 0.5357202457277315 0.5199241131334773 0.5382312669474777 0.5727103290896919 0.467606934447335 0.5032163403283619 0.5172742416734003 0.5013247292785733 0.557831554080748 0.5057065303508588 0.4796764920367981 0.5346506442986039 0.49668905962464327 0.45172800516328376 0.457272241134621 0.47487331440168984 0.4964494476333555 0.5344076286550268 0.45560048925124497 0.4352049105769574
13 52 0.5027896268859119 0 0 0.6108043386654547 0.472301255148458 0.5322094813690986 0.5188676785274041 0.570554533725932 0.592950101004638 0.46657789069114586 0.5050744013656121 0.5358789306084832 0.5052878324433847 0.5585004563243885 0.5286049900154762 0.4822473025748975 0.5407799776459071 0.49797592446361494 0.4530430983634565 0.45923951621232256 0.4844860951286538 0.49806376013827036 0.540517349770038 0.43871514827142266 0.4413315268184345
14 56 0.5024082522765434 0 0 0.5966722697154195 0.4724594976262373 0.5356161279962595 0.5159037404039759 0.5710582356455897 0.6115112125290179 0.46385787732206335 0.5001299038828799 0.5361053323237343 0.5005478008481677 0.5573209465844473 0.5360977480339341 0.479488592650347 0.5452522109964881 0.4912550810320489 0.4472780060739944 0.455927905719961 0.48360933718488897 0.4945002419721123 0.5391537142735338 0.4692726816216513 0.44017461052410783
15 60 0.500940103578832 0 0 0.5914040757574609 0.4635127112045307 0.5268064081481612 0.5032230044306811 0.5802577221723249 0.6149197045815809 0.45927178081221703 0.5075749454057029 0.5427494180731511 0.4922859049438752 0.5650610659559319 0.5313392716806289 0.4708181595659725 0.5374703934647523 0.48518653081222324 0.44483116137851814 0.4545804781103003 0.4791323519997143 0.4926945179785088 0.5399347009825454 0.48841739937243056 0.4393557598066515
16 64 0.495358228611566 0 0 0.5805408615714374 0.4587834267743111 0.5195080040156878 0.49720407894457874 0.5618411286672805 0.6016205557690547 0.44284728089675585 0.4987470825865568 0.5337419301463311 0.4813353689758223 0.5579022905815628 0.5210378591173052 0.46500021074393005 0.5642586355037512 0.47053979080264874 0.43299556211219137 0.4384819448143802 0.4674202239829206 0.4799139622665114 0.5300616037655224 0.49771260512750776 0.42866064001472115
17 68 0.4804287184382757 0 0 0.5639676510829327 0.4418028801412753 0.5021908018636588 0.47843100497534957 0.5408339897105362 0.5671277317307466 0.4322883944295853 0.4832266024479007 0.5102218558277849 0.4660425505307226 0.5419290299990303 0.49339164181468925 0.4487118640659651 0.5507392234473826 0.45932102269257463 0.41185024077119076 0.42486009142047254 0.45025931965009613 0.4625870054050877 0.5096475315528527 0.4954126123896565 0.4049041305144845
18 72 0.4710364169397076 0 0 0.5487213176877971 0.42996526024064274 0.48495106167779706 0.4660146305593144 0.5409094449140371 0.5578267764269539 0.41508691824571115 0.468646991640869 0.4962265412369507 0.452409645099625 0.5215652725807297 0.48724238063170533 0.43747234214520325 0.5507046805143088 0.4450487111846272 0.4119301741684189 0.4108781405591936 0.4399368282573712 0.45331261764750713 0.49577812166706015 0.4823530514249643 0.40407555670253603
19 76 0.46134380070023934 0 0 0.5316054324987479 0.41929257372472556 0.46814018461982654 0.4572414427887349 0.5328203171382917 0.5652299353516633 0.414270877332442 0.45568771658679746 0.48164758951371583 0.4325319503876216 0.5122623633670147 0.4724663698619607 0.42420852882774357 0.5362178603414753 0.43630860754323325 0.39876006353620297 0.402118059587151 0.43134530211224364 0.4458284209618842 0.4853514960120172 0.4704610860290857 0.39501416712870707
20 80 0.45732816246647906 0 0 0.5343347437461772 0.4273037195367241 0.4642266339225308 0.4486544115889021 0.5257200537756858 0.5712182806550195 0.42093269539449246 0.45368147772048056 0.4773530528826 0.43239024026485434 0.5004187370753133 0.46033914444025337 0.4197406632432397 0.5253995963628671 0.4325031078121749 0.3948984963435355 0.3972046223377894 0.43765586191966405 0.4277791999529418 0.46920332639134343 0.464759362760284 0.38520843397188
21 84 0.4652771711730822 0 0 0.5518944927298141 0.447891358353893 0.475186209321528 0.45804609714580913 0.5368970730850329 0.6170921998603635 0.4327123605904828 0.45885764825525777 0.4846490847430426 0.43572445240672747 0.510066372304149 0.46474491744675345 0.4321729549029829 0.5346534842758115 0.4374398101910216 0.3988384503368639 0.4055484562585772 0.4631307091814695 0.4341357950949985 0.4752114951597751 0.47030703360497295 0.3829788160716791
22 88 0.4654444763126088 0 0 0.5404967484433676 0.45235288311137684 0.4784510455052175 0.4528380155947203 0.5283725084480805 0.6278129556016028 0.45069272077444766 0.4531386847633269 0.48286444982956783 0.4332554833495619 0.518405123109267 0.45781066934899856 0.42618690889698957 0.5317480853428451 0.43699750745232957 0.395303041730548 0.40491737826377155 0.4719799930970215 0.4282500155739898 0.46850091379735104 0.46854962820324064 0.3840291986077723
23 92 0.4626968552164442 0 0 0.5396791788023216 0.44459814386151986 0.485171929940037 0.45187484603346645 0.5234813436569421 0.624310816219661 0.4599635419425857 0.4451286230524621 0.48403141374228303 0.4237211665355851 0.5150209087503572 0.44896562324949185 0.42221650317589887 0.5245358883659266 0.430287729529527 0.39005332479218524 0.40120242301376524 0.4707321883190784 0.4282055363875367 0.4464012423216488 0.4653212401317305 0.3827222709779307
24 96 0.45898220756755287 0 0 0.5322886621834092 0.43092745121478954 0.48660674551660615 0.4466282362768017 0.49144839616684094 0.6144965583086326 0.45450955869962 0.43856140840578384 0.47656125497165297 0.4161862874314996 0.5190778902689007 0.4670509815719649 0.415917075480495 0.51457981564775 0.4251025626298278 0.38191564730002997 0.3952377418778776 0.4681545243562825 0.4234052042045656 0.4759699054625523 0.4554032226675658 0.37834865949220553
25 100 0.4597188739237247 0 0 0.5422142933445628 0.42913702516969743 0.48275947848739276 0.4370644951748207 0.4921803406634826 0.6131914285939838 0.45201985775914555 0.43600015079888493 0.4672629882163888 0.41306570517569613 0.5203270597995103 0.4736579581938674 0.4135748805677121 0.5210975576470235 0.4228626861228587 0.38088762580393876 0.39300776864852904 0.46951949564276246 0.42357312713946715 0.5016162123614704 0.4518963116503606 0.3851433013277634
26 104 0.4629797968550235 0 0 0.5785079673464129 0.4282820257817035 0.5338268794632247 0.43783912896593613 0.4904522872513234 0.6066021755679195 0.4483528744646431 0.4326408050363884 0.46999652949525433 0.4123455815216669 0.5179809564386824 0.47778015902131177 0.41503246831512547 0.5197289749808489 0.42810940869144276 0.38179172944273443 0.3969256518742936 0.47229898894422273 0.4287491000261607 0.5077062435058236 0.4571076675057156 0.3885192612509659
27 108 0.4645590213524594 0 0 0.6087302993658252 0.4247821779439567 0.5499600944164411 0.43672983921734065 0.48847862176573364 0.604954313727256 0.45565236862480984 0.43676806867664086 0.46902827346333065 0.41108306422572255 0.5160476066085231 0.4670348612631813 0.4135618131455256 0.5175601544251638 0.42157793443231534 0.3820510762790633 0.39924079760035586 0.47186777712283784 0.4464449365265376 0.5040460370291662 0.4722127944122568 0.3867922694910907
28 112 0.45127214795546317 0 0 0.5954992113304679 0.41704500539420947 0.529918518829038 0.42092716372369005 0.4720711386060248 0.5807292279311714 0.4401858181456419 0.4215942263374142 0.44493233020842915 0.39183874017557746 0.4921671811220338 0.4648991136522242 0.4020232397057013 0.4875011655432598 0.4084913702696065 0.37107892292662076 0.379221959331677 0.4496789877893549 0.4331885304299477 0.486900352004014 0.4612293203822445 0.37851467707994724
29 116 0.4447121692545271 0 0 0.584125920951796 0.418158102202811 0.5213963853864194 0.4135573746535669 0.46334173859432887 0.5665496026182926 0.43127962646091733 0.40561004635563147 0.44076941194333086 0.38845541257035504 0.49659591305038353 0.45569822969309626 0.398953767931048 0.5018652416191709 0.4032458234592187 0.36335673487683234 0.38180263220899124 0.45010217536562797 0.42204172766938164 0.4749844834848164 0.4565783128761477 0.3711724760895332
30 120 0.44206887023796976 0 0 0.5798390489745582 0.41954315830461086 0.5165993992515883 0.4093691781015082 0.4558407216369617 0.5564900226921636 0.4276423923787424 0.4103783854689819 0.43495176032712135 0.3862842283451731 0.5062886554629223 0.4498595459532223 0.3944096156405625 0.4991684951049472 0.40332293108369605 0.359197475300533 0.38471385204382724 0.4461044596403495 0.41150993306691425 0.46630789716726145 0.4815415702346071 0.36233676263866876
31 124 0.44725954121653677 0 0 0.581432342454496 0.42418349847769293 0.5471967595979708 0.4206828782413866 0.458757009378311 0.550412729064464 0.42668710130008874 0.42103975475710986 0.4489465022678938 0.3942285725161873 0.5041382913185606 0.45649594594197607 0.3978043254933139 0.5040142393425774 0.4062887901137236 0.3599620466077455 0.3867063150222433 0.4520056724849849 0.4057489158016119 0.47125915257654677 0.529724041343625 0.3662468212193887
32 128 0.45151355141002986 0 0 0.5825037774423797 0.42985778098474847 0.5478389736198547 0.42283278468729246 0.4602116280166359 0.5631115444561245 0.45217513723828906 0.42497539089094816 0.4566568077972292 0.39496125860813724 0.5292501603311224 0.45752105406043275 0.398671864071957 0.5063817928162062 0.4061592698147972 0.3610479693702415 0.38546972541228725 0.4536611382826516 0.4131351538223713 0.47830734817483106 0.5644236546669448 0.38050064477045964
33 132 0.4542819147504384 0 0 0.5822299642767597 0.4312032883671142 0.5670692250948278 0.4230219399337364 0.4600076228912569 0.5478287174178781 0.45089407665813297 0.41418409500720926 0.4637280973130267 0.3975728543426306 0.5460064707178315 0.4562108892269519 0.39369530599943275 0.5037853474264324 0.4058459028267579 0.35984180579306113 0.3892012337652345 0.45342062987131165 0.40854246049425885 0.4827026541554166 0.5941822301675236 0.37803423997823055
34 136 0.4684614192687665 0 0 0.5952801253123753 0.44202944826956897 0.601469263015653 0.44923624877979834 0.4594917503460443 0.5769562399937592 0.46044639565168205 0.4352425536017743 0.5239893602949708 0.40231752889563893 0.5669848778429512 0.46513765184245087 0.40483207105484964 0.5159938901145837 0.41584189335514526 0.3612410389350979 0.39965968969443805 0.4635169362971671 0.4207268682732304 0.4930283724337831 0.6739861758317528 0.40129224642398365
35 140 0.4836963094873428 0 0 0.6070150487524503 0.452767158286961 0.6169018716759939 0.4737506454153773 0.47218812789554465 0.5932748636496041 0.4753617737963178 0.4504345076732156 0.5724041493223715 0.41430614564219 0.5777830392019433 0.4696452434057743 0.41382266251909633 0.5242768993616673 0.4266860305966792 0.37218339016090113 0.4087905500049597 0.4753084528848142 0.4289415153081391 0.5219515871643935 0.7501758822569254 0.4206332105081515
36 144 0.5000521576169326 0 0 0.6297118591959883 0.4573272113389676 0.6451471057901434 0.5156959470252783 0.4908828416045198 0.6101783332552756 0.4844744138303979 0.46236722198167657 0.6393235490850533 0.423530570497046 0.5910469066243857 0.47759922732461085 0.4282181889532707 0.5768973959151431 0.4313967748501429 0.3814459949204213 0.4235713228547587 0.4859411229200604 0.44060316968395064 0.5956131236985022 0.7870907924443977 0.43331904692915235
37 148 0.524624337008156 0 0 0.677609848013985 0.47678370953930965 0.6786164972778992 0.5962044043333574 0.512893229179886 0.6224476624232178 0.5101972714644907 0.4771812204076861 0.7105206390963382 0.4448083479284302 0.6110568498940181 0.4941513235773916 0.47159328796818234 0.6085919351383275 0.45044914281220716 0.38810457417535155 0.4534022978395596 0.500849100389468 0.45665125529043676 0.6502933801717524 0.8297853998012902 0.45120613233546836
38 152 0.5501292817732617 0 0 0.7117171594668948 0.4934904460151206 0.705281691141924 0.6830801952973713 0.5318917790093962 0.6474076978702962 0.530295937427386 0.4996774123270793 0.7456561101223431 0.45689032807507624 0.6301006993650543 0.5409583845027507 0.49989699827633677 0.6338268237151583 0.4659013100024557 0.4085301108900426 0.4776715421537519 0.5282876637926829 0.4756934491206409 0.6942924874931717 0.9089845822230721 0.4695594770252369
39 156 0.561346789634336 0 0 0.7198670899688541 0.5001865535867484 0.7119819444244045 0.713442933417659 0.5359462091804478 0.6553955529733179 0.5434657251965564 0.5051900280939956 0.7591545196611907 0.4622053886388932 0.6410640968251464 0.5603738898321804 0.5071057019114712 0.6414989254364043 0.4733603575541249 0.41302707314558335 0.4837281357145248 0.5407504477735682 0.48309439184568365 0.7416255496956468 0.9391685187186793 0.4738954021427876
40 160 0.5594200584029928 0 0 0.7167613552481696 0.4959244361224887 0.6995696319679984 0.7235559037336443 0.5340350578318943 0.6481685488467629 0.5396928266018727 0.5061102607921112 0.7560597547504231 0.4596531452419661 0.6391262678764992 0.5474005695861383 0.5088613661849987 0.6440866837410548 0.47356739581546825 0.4120230559637676 0.47678715171637914 0.5318439126205752 0.47552302260315576 0.7433095941209872 0.9518571185236093 0.4666260044853864
41 164 0.5637746210172049 0 0 0.7167240221043542 0.49691494185128293 0.6993958385752872 0.724561575962642 0.5404220666249411 0.6494361968128941 0.5465922087141856 0.5152989706993181 0.7579399707207718 0.46240610925718784 0.6431515543923058 0.5666488222480552 0.5054779454503782 0.6444702595600061 0.477939467102662 0.4129169477160919 0.47119969032288156 0.5283561486406599 0.48580223835842745 0.7759438176426143 0.9582756292390776 0.46982731120398086
42 168 0.5718095180012669 0 0 0.7230692835163507 0.4959174694986848 0.7095547000771174 0.7302328082347228 0.541688555591987 0.6476404533191892 0.5646981449432754 0.4952741122919868 0.7618388558100095 0.46510090772182505 0.665596881871937 0.5804681011300595 0.5266142933413647 0.6511174245850645 0.47539946232021024 0.4153374089949786 0.4789395975734469 0.5329917023836939 0.4861026538903407 0.8387814410133372 0.9507790494095206 0.4784781558707269
43 172 0.5707597117840276 0 0 0.7148208354976231 0.49353535818471406 0.6997613488702004 0.722273445297817 0.517619046305772 0.6420457200662667 0.5596588492414858 0.5258044518987731 0.7535461308496734 0.4586987426610393 0.6609230326411423 0.5843367846175141 0.5338642461772455 0.6340984955605502 0.4662747205581966 0.41014789494819964 0.4709539375973715 0.5303300397729582 0.4807539305202673 0.8613738306775909 0.9483874791944065 0.4746218782294547
44 176 0.5850731484682732 0 0 0.7220015863813656 0.4989312993207912 0.7031664002495833 0.7256345432412882 0.5638744643463138 0.6503331500117591 0.5699660501578452 0.5748773858296148 0.7683340478484237 0.46925232646053616 0.6993645039182709 0.6022920895294996 0.5484900310446092 0.6518682814999898 0.4837433632240112 0.41769526122566486 0.4865678134254946 0.5390120735725481 0.49514233298286153 0.8733621899548858 0.9709079363390687 0.4857734193771271
45 180 0.5933298152443559 0 0 0.7264116936140294 0.5021043157303243 0.7062060348766588 0.7325523653260096 0.5776468438557445 0.6574833003842941 0.5746464138939916 0.6331512388807083 0.7731537643645218 0.4693951057095537 0.7169932976895319 0.6098636421227155 0.5654360106939749 0.6581611444080279 0.49263871107202045 0.4264697561210066 0.5033892641599332 0.5515448096129637 0.5006335060866448 0.8771313116595066 0.9849209927562812 0.5060260293978056
46 184 0.5946578279114239 0 0 0.72372230253926 0.5025354449602774 0.6991995428964946 0.734533649183465 0.5754534616877093 0.6522012470219173 0.574528279625292 0.6478841608940011 0.7676634709689727 0.4845683123446451 0.7366021904277208 0.6044802701367443 0.5630824753181713 0.6514330804627313 0.4990635123711458 0.4222113075661607 0.5090983877832927 0.5542716606643118 0.5026421584522144 0.8682812514080192 0.977054118723929 0.5169105500148637
47 188 0.5925731588199459 0 0 0.7118581622027239 0.4942991756079438 0.6894949242676669 0.7268666990559807 0.574929529331839 0.6428543238587991 0.5920709534788496 0.6503449700719571 0.7594462419810982 0.48643307550298076 0.7461395184230039 0.5942126067164993 0.5582192601142603 0.6418743708451137 0.4949521589904987 0.4144221502164181 0.5042632314032562 0.5542101456850378 0.4956841242964673 0.8598453651422908 0.9586135321627718 0.5259264529944169
48 192 0.5857028236962821 0 0 0.7172258936135896 0.484274583078711 0.6859489086062217 0.7131447876842489 0.5700936622064625 0.6294439922486231 0.6007114977379133 0.6392470322957934 0.7409688236197997 0.4848706071964818 0.7327839789268865 0.5828148623668798 0.5490866085628368 0.6269432569654074 0.48459733094786617 0.4066803331465386 0.5003103669165827 0.5454474524332511 0.4954191255133174 0.8457748337931877 0.9388041429044474 0.5209946064689039
49 196 0.5715864872062252 0 0 0.6970589253910408 0.47041665816337935 0.6783124007856793 0.6767790119461217 0.5499699401083008 0.6004291423173946 0.5911443120287929 0.6224120983932907 0.7283724066027556 0.46464824632586255 0.7402940995571191 0.5663588226585592 0.530912045814827 0.6077871219512762 0.47069227275193104 0.3958109669686229 0.48472992973934614 0.5223075821579625 0.4819092187092093 0.8286384588406982 0.9077810428970667 0.5013547718995433
50 200 0.5513925491679394 0 0 0.6555519258910122 0.4429834080073873 0.6530604824730337 0.6596617000628981 0.5227669046297718 0.5943425011296181 0.5631788236033819 0.5939350398226376 0.7004834525478848 0.44813520723736383 0.7183209857273029 0.5414902531288613 0.5078639970012085 0.5817841092429692 0.45008313948234985 0.37947679694294006 0.4698265305619518 0.4995624465749207 0.4593395420252621 0.797059855948202 0.8727892685939853 0.47653173081611866
51 204 0.5399955513761262 0 0 0.6471338575727306 0.4430433597636186 0.6350183652509426 0.6426218675532547 0.512355886680971 0.5805419136589053 0.5518205491847286 0.5781925243345921 0.6900393556390432 0.4359326726431653 0.7028525969917052 0.5285467821483396 0.49045002993338926 0.5640350262538777 0.4407980464472686 0.3710088751691951 0.4587821868654294 0.4908247266994591 0.44664907074853705 0.774094734639098 0.8474841838211831 0.46770927065252504
52 208 0.5235025795157112 0 0 0.6273290624418407 0.42864426458412747 0.6084379422002468 0.6172435901554052 0.4935542863781057 0.5551182509196326 0.5304133538194551 0.5528669440639342 0.6637931778654818 0.42040051798883266 0.6761141956818881 0.506482117442319 0.4815460423401343 0.5401472852681626 0.4233563801091642 0.35640627861938784 0.4366157152032776 0.4711919884223186 0.42850217663278795 0.7765291362353578 0.8156723079143605 0.4523323169302257
53 212 0.5019154936209262 0 0 0.5970094177781458 0.40798046309520003 0.5838893366969841 0.5820284140518643 0.4753202705680112 0.5205211160434093 0.5001720836145326 0.5277125791117453 0.6321192575905985 0.4012801202880133 0.6447872016909277 0.48416716144454847 0.45920959296005137 0.5101022188469742 0.4034278108047942 0.340704069849814 0.4151645882747079 0.4486431313791379 0.40852926700902864 0.7694190077184765 0.7702367820899995 0.4377507021171962
54 216 0.48697603989480825 0 0 0.5695414584212046 0.39258840400932205 0.5634216173492669 0.5647439366402126 0.45659387093261283 0.5502924364594994 0.49247735858922914 0.5052303927855316 0.595077066382542 0.3896082001832768 0.620590638559701 0.4691673808098769 0.44014863084366335 0.49932589119088594 0.3844814867169215 0.3284020703854158 0.3965768454293863 0.43521791732806575 0.3990597690373666 0.7470035058385593 0.7445658140322015 0.4264031020993941
55 220 0.48380540426473617 0 0 0.5819079561572006 0.3875144118843201 0.5558382875268758 0.558696904729498 0.458653424309089 0.5532808594052034 0.4951897340788062 0.5082914003431384 0.5843743598995245 0.3820199587213574 0.6324220783839452 0.4733291057475052 0.4469021779014205 0.49293624824947374 0.38738090514993484 0.32391991372045953 0.38731807098391374 0.42999520593366464 0.3933681638473154 0.7445267100190516 0.7348666700517448 0.44260414377600943
56 224 0.48128919807122583 0 0 0.6007370160195186 0.38196231627848687 0.5539277637174349 0.5486471475533442 0.45266648412448635 0.5489650266168237 0.4871792462485909 0.5224291884023018 0.5773215232966357 0.38544707808017475 0.6286562096985919 0.4661114556461467 0.443474463341567 0.49011473617289203 0.3836026144488136 0.31770387348848816 0.3834730609771176 0.42200551443503437 0.38895939648261385 0.7551330998992738 0.7214152473046582 0.44758711335322576
57 228 0.46784501624623953 0 0 0.6020071205968195 0.365354770357263 0.5362690022847523 0.529907129162167 0.4446675016598724 0.5328467318560252 0.46848396404526926 0.5062706264840837 0.5533583852443295 0.3737109051194921 0.60188087094547 0.44900783889907653 0.4300652945504581 0.4693776186996865 0.369273200967329 0.30637939950032056 0.3726119870477428 0.41137228758641614 0.3735203368887432 0.7187968453023099 0.7017434826802794 0.43560588100141195
58 232 0.4441132421458776 0 0 0.571138530111775 0.3425464419591545 0.5018635560975372 0.5010066372410615 0.4214087346262085 0.5036709205482173 0.4422482610555257 0.48187086835504905 0.5167271173323574 0.35283148801856384 0.569931594578655 0.41862047870269653 0.3958905205045074 0.439947861483347 0.3496379786501077 0.2902684473601124 0.35077197136932553 0.3833392765882172 0.3534352819562451 0.6719387869557439 0.6643020126608079 0.4103159283785541
59 236 0.4278003934966422 0 0 0.5437188317387205 0.3311585029616095 0.4841709241755393 0.4759997679259363 0.4147014828944656 0.4857125553921451 0.42350065798816633 0.45420305352919277 0.4961236751655863 0.33419899042046397 0.5380359688020864 0.39811566200005155 0.37622187310534244 0.41717626953931664 0.3333236283902519 0.2834713337224536 0.3362672584213203 0.3662301866869449 0.34032436118760684 0.6492753022756489 0.644923134030359 0.3854834094896958
60 240 0.40886176669481017 0 0 0.5192126956287128 0.31586664273910425 0.4500253772168814 0.4519781632147565 0.41871137054124874 0.4626597537748572 0.401544399003411 0.4323662717793306 0.4719951869994624 0.3152344108695125 0.5112522878483063 0.3781377842949255 0.35714884428581667 0.4003206045283976 0.3114863795234509 0.2700212869372411 0.3197811674376172 0.3456006691240716 0.3202373641751925 0.605482847655528 0.6119298422581573 0.36710346402543975
61 244 0.38912562823687175 0 0 0.4887107229950341 0.2988508496794742 0.43214185965838753 0.42489571357981326 0.40042787642921135 0.43780481104581653 0.37829362612873063 0.4096043928166476 0.4386306980912336 0.3005496385985252 0.48236396683191934 0.3527020973262457 0.3322934745451414 0.36853438891703943 0.29955013079696063 0.2542752042902169 0.30336697164492105 0.327514939579873 0.3009744492695641 0.5733946852165943 0.5798169716184493 0.34706463413209593
62 248 0.37111767587317157 0 0 0.4652304926853527 0.28243274336984675 0.4100627452684081 0.4022023701466039 0.38738847562205164 0.41630712273417947 0.3607081160346172 0.3876905295952408 0.4190166052504106 0.2827712736702405 0.4529769485001327 0.33290322655377413 0.31492146212977506 0.3507869394593438 0.28853040152973475 0.24094731232141686 0.2871514344517705 0.3066049630194454 0.28329750693096684 0.5463222774447694 0.5439821408586594 0.3272810895675685
63 252 0.3574015595029511 0 0 0.4461109758777159 0.2664566050224367 0.3921816754200609 0.3843797898288963 0.3775693246911705 0.3955124710148921 0.3425091123576316 0.370417521763759 0.39589885816839676 0.2685506165761671 0.4335198761604934 0.3206282020321523 0.3008556821770982 0.33449852981753997 0.27429675822593247 0.2313271547139096 0.29492308586042415 0.30157809174706474 0.2721321320480947 0.5261456897445574 0.5199153454317655 0.31332806976115546
64 256 0.34507485308913644 0 0 0.42714152472852296 0.2545418023137612 0.367431390300731 0.3629928410264574 0.3581133360430711 0.37880844159493665 0.33064520921153545 0.352060107274492 0.38245658650539305 0.25947684226641893 0.4153701976941478 0.3049749298170791 0.28671270832886 0.31925421675325233 0.26480572051705503 0.22173021302924312 0.293200288630677 0.2915683416905849 0.2616280392207329 0.5137006009825499 0.4992023296648135 0.30039717362019036
65 260 0.3373107456213004 0 0 0.4116455109239055 0.24935596761154788 0.3556183709752255 0.3526679989915741 0.34634451739040023 0.36924967440852013 0.3291184078396612 0.3411158918444605 0.37136023014921465 0.25376720508495854 0.4029063216743213 0.2957524612392423 0.2794774358920271 0.30978274505909686 0.256677318935608 0.2133249291534992 0.28792006250552266 0.2933523066245781 0.2491065278736238 0.5178010315876915 0.48482639874637284 0.2912320146020812
66 264 0.3331277937088824 0 0 0.40532146319606144 0.24620023147087036 0.35655265104841055 0.3367327370525826 0.35838458440288795 0.36424695547159036 0.32656842204365494 0.32817148075254154 0.36613288094696345 0.25008022414078546 0.3946695884467882 0.288635786205196 0.27434690557661157 0.30290332316097623 0.2535405415771417 0.20945389836938808 0.28211315895296 0.2869660204414283 0.24838818264141255 0.5239244393089371 0.4776501136991779 0.2838404361075172
67 268 0.3347613357733197 0 0 0.4033888161639553 0.2492635884701256 0.3568415309393804 0.34697586992556007 0.3770539183244157 0.3626764785438186 0.32710674828326247 0.32911812093957066 0.3645757674444802 0.23889596062364818 0.3895893780796184 0.2802985075243749 0.27430023978615314 0.302599452530584 0.2521938208355808 0.20979984390743517 0.2829774121907566 0.29259756941311355 0.26541722013278973 0.5336794488870639 0.47245569455801134 0.2849312152894127
68 272 0.3288992995906883 0 0 0.392834882398211 0.2438156122889793 0.34757486055540726 0.35389543247225835 0.3751269959707274 0.3551336121763064 0.3189634259219753 0.32038556479275976 0.35683241364229135 0.24487761214430692 0.38435335970310397 0.2834259112940664 0.26124175049847953 0.29201826492027533 0.24398892174555276 0.20473345182348077 0.2770149385627474 0.29194747188113807 0.26051008214527804 0.5262737073162003 0.4621198377170062 0.2686609431347196
69 276 0.3188550386976622 0 0 0.3786195202992919 0.2357295252699486 0.33122077446922116 0.34915445545931056 0.3606285676018221 0.34046359643430213 0.3070051546332333 0.30694438761797 0.3413829363327312 0.2363569930994922 0.3631923793206964 0.28707167173115006 0.25243154231426634 0.2799641503599775 0.23841110437892188 0.19546822709108078 0.26529854832561783 0.2864454030764298 0.2531314285836246 0.5057828286804255 0.44160333445465755 0.26312449236069374
70 280 0.31224385357421475 0 0 0.36418199508367616 0.22667534592131394 0.323186058841684 0.3432880741817181 0.35635772016592343 0.3349865526647065 0.30598500081553615 0.3032760504494764 0.33259070302705407 0.22929217476965802 0.352599121826139 0.2991991664793851 0.2454926120844389 0.27213363030739623 0.2348637667598381 0.18860501657211656 0.2532950913372165 0.2829153454254776 0.24516599894487784 0.49084406670144165 0.431697600082096 0.2583924329703132
71 284 0.3011012048985031 0 0 0.3562323955138253 0.2173460331213673 0.3056065640558219 0.3281588408138245 0.35395486342398336 0.31797545779297276 0.2927537400765825 0.28849221798812397 0.31833377971787136 0.21873254094879302 0.33654333329671987 0.29279372955022176 0.23497348798794326 0.259210754728247 0.21409542444329915 0.1785865978889498 0.24420171241453179 0.26979179078533116 0.23378928666019147 0.4711859636620205 0.41598386218637345 0.24584840042438008
72 288 0.2918853985336259 0 0 0.342990336484061 0.21437842033339963 0.29857519767717744 0.3111528880752023 0.34725973404001687 0.30680143915667435 0.28138792243577765 0.28665824377565424 0.30589031712829895 0.21019372334345676 0.32475966270132695 0.2852101269423206 0.22525074387431893 0.24883862929395384 0.21819120898705488 0.17257335688841113 0.23504368190651787 0.2586206905321163 0.22615780077211442 0.45260411699449304 0.40155924389197073 0.23694958269595737
73 292 0.2872596347449912 0 0 0.3352167094286038 0.20986994457688957 0.291262105487236 0.310510038049156 0.34158109110124607 0.3012688018056912 0.27542103596901796 0.28312316919700486 0.30419822491073606 0.20842693358783143 0.3152751057771556 0.2861345987230325 0.21786704212304153 0.24366404876431488 0.22804255099822401 0.16757828636997152 0.22789768865947635 0.2551048487047561 0.22034192481294299 0.44170639251070887 0.39098528245213793 0.22584030109408318
74 296 0.29143003846017784 0 0 0.33618089201796486 0.21488761570832635 0.30799773092342286 0.3159611027509213 0.3495073712681776 0.30864038237596164 0.2764985434250247 0.2844742839065557 0.3087206961395851 0.21289630024686534 0.3188395880123503 0.3106745769394713 0.2184912700429361 0.2473477568182758 0.2385689817539431 0.17246752049163966 0.2284326722742646 0.25655121176916207 0.2255597076972606 0.44310011455939496 0.39208444530252395 0.2292134620672917
75 300 0.2899209082313052 0 0 0.33669300905395355 0.21271541754453444 0.3148958481207873 0.319017872956468 0.34655642666810266 0.30329901544155324 0.2730282342138201 0.27804925161933275 0.3100374075062313 0.21137984898548737 0.3168006461208386 0.3156235098086458 0.2128033259992668 0.2452955833055002 0.23753936639034323 0.1739522544775055 0.2268479529206802 0.2485106388794875 0.22387856644432308 0.4388347217037019 0.38604383664799663 0.22854636355429028
76 304 0.28728350011716003 0 0 0.3335778916842475 0.20993450447193415 0.32026349677855404 0.31778646437758934 0.3419604392377765 0.29373562010305243 0.2664920711519396 0.27146106801279646 0.30915585317936467 0.20723106791700274 0.31434719818066 0.31612633139798396 0.20896920027727575 0.2412386596856832 0.23339269826492973 0.17674947257019172 0.22567342596923634 0.2502650730928185 0.221081462668043 0.43660586290764464 0.3789909394094433 0.22300767167505345
77 308 0.286031194558821 0 0 0.32927771658569077 0.20656397792154593 0.32418777704670537 0.314631428196704 0.3389894198943813 0.2922842246341679 0.26695052225166127 0.2713026213339034 0.31318739552526015 0.2028796497478915 0.3128361123843313 0.31724611344521353 0.21876399459488208 0.2366504959459045 0.2320966118760855 0.17676281141606615 0.2238434207334988 0.2527012381252238 0.21919588745917049 0.42515741433557597 0.37929090679338257 0.22172731822718658
78 312 0.2854748210566739 0 0 0.326788284207348 0.20901435246591152 0.3199564535715347 0.31279189246563477 0.3450430924160679 0.2998319683607242 0.26549194081801236 0.26995812027653804 0.31607508471739804 0.20239232638234578 0.31093713647617177 0.3194643049551006 0.2153654642862322 0.2368300129662498 0.22967657112999085 0.17612602206537484 0.22092281352607884 0.2519019998079643 0.2174471537536516 0.42438492871357314 0.37471215003816694 0.22120381980278436
79 316 0.27746095522127856 0 0 0.315085752184643 0.20173484013237591 0.3102044360664882 0.3021019835188758 0.3392427153962143 0.2916771158584669 0.2554848446324674 0.2601212572911443 0.3066055186634672 0.19563161672318205 0.2992144884912863 0.30695698887534084 0.20692689084674337 0.22701871804863039 0.22331539360718103 0.16727125906552512 0.2091301774916583 0.24355620564904648 0.2080335086858221 0.4082256479677708 0.36924430675207015 0.21158301173822153
80 320 0.2769958775274674 0 0 0.31275926916051555 0.19904475393185878 0.30765566568868347 0.29851219490768965 0.33924778552759643 0.2961611921793088 0.2427575547131368 0.25807119568401293 0.3020297558471459 0.19365866532600404 0.298938057978312 0.30495823980844494 0.2089052618886181 0.23972299080011975 0.22199508012335784 0.16537663386331924 0.20839116469270139 0.24058240281856838 0.2070392608892495 0.40774899077084187 0.3802267371929118 0.2137441342329795
81 324 0.2785313476747525 0 0 0.31430628238466496 0.2000142837674495 0.30653800885918714 0.30278263348413437 0.33713188194887955 0.2962633939876821 0.24373502575609868 0.2577896674063573 0.30218361154148304 0.19243281991807012 0.29806142860348733 0.3135484579842377 0.21032569482184918 0.24369696234150412 0.22609116346154118 0.18022534572180077 0.2101526908072157 0.24018174844836834 0.20623861069084037 0.408112470132486 0.38696182352041575 0.22425002167248198
82 328 0.27286532488969845 0 0 0.30608540089864017 0.19388636984548543 0.3012199366990767 0.2988487885143691 0.3202867571837728 0.2888024855537021 0.23666219850314496 0.2501825636023795 0.293973858472647 0.1877186821784547 0.2931649002624418 0.3077127456486303 0.20440569693900448 0.23679882076298175 0.22178984183108544 0.18033795763256336 0.20467833388446557 0.23394420633485707 0.20017500795973137 0.39779997251687543 0.3884303055398608 0.22017324256540205
83 332 0.26557307969197624 0 0 0.2979042383120407 0.18717853313101168 0.28775699964531765 0.29274426069361786 0.3194298883583348 0.2798731625411348 0.22759680155815737 0.2412913572341419 0.2808497347680084 0.18301653168736298 0.2854682503354213 0.2957621017160959 0.19837186733915035 0.229193417905505 0.21108991643285197 0.17478429319654434 0.20065583946231466 0.22596337190897853 0.19489831882953923 0.38395296490070735 0.3782572337722338 0.21603606884628027
84 336 0.2596956788463445 0 0 0.28645336245259007 0.18174736742130435 0.28298660787572916 0.28128123226309165 0.3110614095957904 0.27090932328568273 0.21910521804272223 0.23404426043448093 0.27722453974701156 0.18077183577719666 0.2755676807082692 0.2874434872437836 0.1930329084956947 0.2206304412496583 0.20669047513582264 0.1707561497981072 0.19420372706377942 0.2093844074690944 0.19224116855936238 0.37618996638072727 0.3675405613021687 0.21679696395048664
85 340 0.2545728757540671 0 0 0.2835947837770688 0.17692172698556166 0.27842117071054456 0.2741174462043677 0.30177495879500593 0.2658334915330823 0.2120639439628485 0.2308430319214774 0.27503407934441976 0.17632128209884668 0.27621623334345324 0.27299772392029786 0.18769491340797473 0.2130796190022331 0.19626523514134042 0.16808699783244116 0.18906162261750528 0.20144245187382234 0.18953188286397318 0.3629064170405472 0.35613685945920054 0.22193948126837176
86 344 0.2478382973386532 0 0 0.2752790993914479 0.1722130418126886 0.2787181934423214 0.2623179990627743 0.29329733353659565 0.2577942366139142 0.2046956097279178 0.22605636951181438 0.2666760894083291 0.17008538972241896 0.2704415646179488 0.26129992135126934 0.18176156502354215 0.2077874920121383 0.19079747451076268 0.16040028318236071 0.18325881302011113 0.19721742384893048 0.1827008015867543 0.3534376077466749 0.34201796402612 0.21485297688864707
87 348 0.24432656832562893 0 0 0.27151550042671907 0.16901433641101885 0.27660778772861616 0.2514473816706036 0.291349517371153 0.2535934117674949 0.201036521325614 0.22285936593940361 0.262720968786849 0.16662882927243786 0.26218261029918083 0.26692422258273235 0.17587070992949608 0.20418318333237834 0.19150932812327476 0.15573708667984418 0.1787731984645059 0.19578928304956686 0.17870522649337656 0.34626974684014855 0.3508636011682544 0.21374808146357863
88 352 0.24296821644007194 0 0 0.26753051834615316 0.167346570361712 0.2749290831939 0.25137349238437 0.30138156775559877 0.2509731322929442 0.19901944538693492 0.22012574701091286 0.25485837899946806 0.1626710534431649 0.2646754750382211 0.27971565508778895 0.17433971574234708 0.1991397787414808 0.19105715332514633 0.15426167276048408 0.17787516353936572 0.19742301784707073 0.17600998910963972 0.3423582792720817 0.3559670740873764 0.21077188272567549
89 356 0.23779115480458324 0 0 0.26171725613060415 0.1627382419383199 0.2648915644127024 0.2524069245674522 0.29942509711102233 0.24462639537260963 0.19328311768143536 0.21456355173904293 0.24686338043430572 0.1572806113574997 0.2542365885703226 0.2766194201750814 0.1689409522809912 0.19095337746616423 0.18615518167195166 0.15066642858767054 0.18135243503135148 0.19097117445348535 0.17116385655365493 0.3305440650241063 0.3641195541273887 0.2047705188089791
90 360 0.23875843351259438 0 0 0.2607996744289502 0.16244268141249868 0.266899398172817 0.2538811959464287 0.30095814379949215 0.24382401519615643 0.19310568907863787 0.21448494092360215 0.26343986859950563 0.15547996427377617 0.25504567588292254 0.2821068824510106 0.16819916808351784 0.1919439672308586 0.18490894036842043 0.15063029748415224 0.18407948102018654 0.19441543866416527 0.17107728078628498 0.3244877861379619 0.39109246278648174 0.20313382197276142
91 364 0.2344046686144734 0 0 0.2544068623925129 0.15979193473180925 0.2581604882176521 0.24751685732322376 0.29275365826636834 0.2376800038803493 0.18771842192960936 0.20933026710838548 0.2601378265293198 0.15111832116114535 0.24848613436092165 0.26262052553822246 0.17286581297406262 0.18781318147000647 0.18007417674631693 0.1456585741115589 0.1793381505024273 0.19377685699483999 0.1658951648208603 0.3205630112752463 0.3929753962366936 0.19622369219271474
92 368 0.23071745043671962 0 0 0.24687404553943404 0.15928816537991414 0.2541213231154257 0.24146945465908892 0.2871927747095581 0.23228592145747945 0.18375919869030238 0.20253868519901969 0.25288095153441476 0.14790175806328265 0.24389728433816185 0.27603488125662623 0.17686709897305986 0.1839837591952447 0.17536374211584319 0.1425392153969565 0.17498276846333116 0.18997465324070587 0.1615288911803103 0.3114354579105563 0.3822779135027569 0.19339723556137645
93 372 0.22965536417454144 0 0 0.24185548162160875 0.1588706468219457 0.24868157569860655 0.2369300161197605 0.28373209949923983 0.22881980664117574 0.18268497694831834 0.20126440446542443 0.25465339847437996 0.14533553873779162 0.2377329814619267 0.2763796570423562 0.18417665636014516 0.1814949647551289 0.17317914087730046 0.13844169971960713 0.17257655350665269 0.18787616074481825 0.16054332819731518 0.3121903360865643 0.38494246493604284 0.1866865297384009
94 376 0.23187253730774976 0 0 0.24782345005696277 0.1602568426341423 0.24718178747585728 0.23662869345651166 0.28930834295249336 0.22713705452255015 0.18276439161876656 0.20130011701575962 0.25599243550146955 0.14476275016291015 0.2385540076516924 0.27805146185674184 0.1918476563121474 0.18215473207926008 0.18350748830201274 0.14408915069042624 0.17136002377774445 0.1861088414912823 0.1614019749821143 0.3111931420245395 0.3995739351190287 0.18875626141527646
95 380 0.23098850960441739 0 0 0.24665708697142735 0.15907717839081242 0.24355790291029364 0.24037042257535465 0.2849600912954304 0.22406145338445246 0.18140877933823873 0.19963955483479198 0.25380986914736287 0.14259666540381066 0.23622125982935255 0.2739612945386746 0.19792082682214351 0.17944456969771813 0.18901481303591547 0.14411420017003315 0.16849523431328278 0.1863919304847518 0.15899757671339862 0.3063011977828574 0.39847472411167695 0.18665123850439166
96 384 0.22914461841824896 0 0 0.24905983449219862 0.15578987138254738 0.2329768631266901 0.23869692834538983 0.2811520559439912 0.22295365567853737 0.17832398379844264 0.20316403985389084 0.25088971101824803 0.14034981714089978 0.23239777096488687 0.2707459908903795 0.19673663784949774 0.1704402056025321 0.19778180220716826 0.1437732034842949 0.16499713632188673 0.18221317065220363 0.15731398831949056 0.3090794896605212 0.3877973254341205 0.18380202203908624
97 388 0.22656464869725063 0 0 0.2479515650326406 0.153600173168968 0.23239979855410556 0.23500227409952246 0.2764051850700343 0.21967196993869179 0.17546548500425532 0.20171642632199535 0.24578133869813357 0.13764619119789284 0.23107118228286752 0.2658228964940431 0.20242752947128204 0.17664863806513267 0.19638223676415498 0.14141309367915733 0.16359528689062952 0.18141392408347562 0.15163285350954384 0.3040419712232857 0.3794506403256422 0.17969104715061082
98 392 0.22621469644119951 0 0 0.24922427265893068 0.15183757116022617 0.2326503705022966 0.23418407832834268 0.27366848394728244 0.21775725683101108 0.1734319400636476 0.19950427291199999 0.240260703868599 0.13538578535406245 0.23254786403664796 0.2629489669930493 0.21646175425751063 0.17741429743825826 0.19795489418720516 0.14034416905607744 0.16168644231279916 0.18345346910833032 0.1552808714175331 0.30117985154436266 0.3814285599019695 0.175758573592024
99 396 0.22377261159302395 0 0 0.24518839924074284 0.1477922264695245 0.2251897300905087 0.22935214703566978 0.2592290300363458 0.2164045091044415 0.16914538651168218 0.19866958367462384 0.23183996250307384 0.13315028641570695 0.23001082742754175 0.26260628065001584 0.22208722904873857 0.17567013879981425 0.19982929178041742 0.1376516441605944 0.1589784407527186 0.18088328716939048 0.15608775925005272 0.29560070471530225 0.3706342040154598 0.17390765405312816
100 400 0.22257548315376835 0 0 0.240122934346447 0.14538523063478218 0.21500810441995363 0.237747051991805 0.2577538210926642 0.21778454912349948 0.17456953469982223 0.19491058353706 0.22705304502626436 0.1322738478951389 0.22624987404765107 0.26676837241762047 0.22800106788070224 0.17215765539104258 0.1977345904855109 0.13361976826171976 0.15687664649789357 0.17679854750342228 0.15301605937000032 0.29229802972890323 0.36870933191504573 0.17028713134574855
101 404 0.22448402551904453 0 0 0.24004280229629701 0.14627372999862526 0.22159052557235842 0.2396815381990131 0.2539274008935455 0.21967431041019603 0.17848924140622222 0.19663235259062303 0.2273807013415331 0.13263334649382158 0.2389710250149815 0.27671299586563336 0.2379496972793306 0.16791631566894896 0.19764498352657633 0.13594823481768065 0.15664280396106278 0.17705820916171736 0.1557971367205796 0.28766122470605193 0.3694422901368541 0.17591413414322915
102 408 0.2303172297320906 0 0 0.23934745452533193 0.14888951703113104 0.24034150221057737 0.24270102847691286 0.2624387640542765 0.22990048686654704 0.1845088394014297 0.20182195367052122 0.23100694821328746 0.13572787994515692 0.2524769058429442 0.28674081035430515 0.2476326530372119 0.17921290561784106 0.197410037447386 0.14007917059510386 0.1596106137535314 0.18004972130404634 0.15907629035423287 0.28987731641076897 0.373022901639565 0.1793417476142789
103 412 0.2333791866678726 0 0 0.24526693561639262 0.14809975857048968 0.2458994279832903 0.24385312687571445 0.26561875741037705 0.2361751948667577 0.1862483903051558 0.20753798458214293 0.2314879663090017 0.13718834893189874 0.2655761166745334 0.2946141599173796 0.2500034949006729 0.1820343898938017 0.20272913151425215 0.1415831518489786 0.1590327028994014 0.1812385160035853 0.16716693607537106 0.29799340337932984 0.3719132293758608 0.18256819611322428
104 416 0.23281692656814995 0 0 0.24395347749842972 0.14770757337106621 0.2435849724653789 0.24186636690024277 0.26190222364165294 0.2343802414570344 0.18430476083656464 0.21985334574244073 0.22854439386548667 0.1366240357329362 0.2674180604223574 0.2874713370182025 0.24913569247871234 0.1807655220748937 0.19586656932601035 0.14277114558180676 0.15811563334509016 0.18016468848472125 0.16648777981804166 0.30031271156673556 0.36802012811226553 0.18020752654354963
105 420 0.23321553722079116 0 0 0.24469542461651267 0.14691577999058686 0.24118228074260134 0.2419459504286156 0.26099052022102576 0.2303520587734179 0.1846240601669039 0.2261707202421592 0.2324083290970806 0.13714401379665817 0.26527479626284445 0.29504240136027593 0.2512850958811659 0.1797744663889897 0.21543959802520737 0.14337560118601977 0.15840646297428826 0.1803734987384455 0.16249102698728593 0.2994424617211447 0.36524110582300123 0.18057800743463087
106 424 0.22958258335369316 0 0 0.24175223861712036 0.14180001275752807 0.23711301281123104 0.23772416773527189 0.2521851893140649 0.2245432536569643 0.18077470807856136 0.23652163761814643 0.22934259392002407 0.13514709316349888 0.26357842117588987 0.28859680114037134 0.24626615712036737 0.17479488124355055 0.2131115618937742 0.14141750557141328 0.1542205772264004 0.1799111734080699 0.15828267673559318 0.29241474336354073 0.3538548383515923 0.1763195969969786
107 428 0.22999068519330393 0 0 0.24310066502431638 0.1514506930580382 0.23599137973229045 0.23757600065918089 0.2507700742462107 0.22460813957335568 0.1799301452781419 0.238030378733731 0.22875631276378233 0.13427409584974095 0.26088012816172923 0.28512138159176037 0.2549544637014151 0.17525872946625595 0.21239252576106601 0.14065956516325762 0.15795526883770702 0.17959232700041317 0.157884828498227 0.2882936369029623 0.3521589276016527 0.17578720519561264
108 432 0.22731769277190686 0 0 0.2293471752920376 0.1496222330247611 0.23265764860484756 0.23464247081824252 0.24583091870463591 0.22170133182819454 0.17588871539384188 0.24276991689967956 0.22591962015504255 0.13070427899608952 0.25538721483997207 0.28251830045488574 0.25106928066151757 0.17181670257217102 0.20552519682357082 0.13889651605228415 0.15524670074751912 0.17692044025926912 0.1535446048575498 0.2954165906404613 0.34674815398698566 0.17103089984962538
109 436 0.22589302986216234 0 0 0.24081186843722308 0.14839972567321574 0.22915877168521884 0.23162343823133674 0.2419071950163483 0.21829359617241845 0.17445357192494074 0.24227187617351886 0.22293339369259155 0.13040289650889084 0.2513891307256439 0.28199296680260605 0.25107550821078684 0.16897126515294686 0.20568454168267486 0.13524236151106278 0.1594296353990489 0.1732246618759413 0.15387692931423835 0.2935408140202476 0.33848873600703633 0.1697241427517816
110 440 0.22943175243534858 0 0 0.24746743915663763 0.14916879561253793 0.2304169389494237 0.2447454032273897 0.24419910118455057 0.2202498762413966 0.17577097670965863 0.24596944786966585 0.22425227622911273 0.1340521318645171 0.25107148868335444 0.2860670684748714 0.2556941738600258 0.17088474704340378 0.20848743929080146 0.14027189038280724 0.1624818567757792 0.17505190185198558 0.160612486897331 0.3129810431830119 0.34214008205570884 0.17051360453649453
111 444 0.23366949608902754 0 0 0.25174080239653873 0.15056795673231824 0.23530383588988704 0.2671507174916081 0.24495514768672078 0.2216935581734825 0.1770833268462223 0.24927249734203158 0.23022387960980323 0.13563016615954118 0.2525734302199393 0.28737041571813493 0.25821648029441147 0.17224540160626775 0.21099502422169059 0.14239423901798146 0.16506684598220173 0.17707543806055523 0.1749630562878713 0.32333058007958765 0.34425384701506895 0.17120926815989326
112 448 0.2310387212896801 0 0 0.24141315224513268 0.14860194808713692 0.23242291886495337 0.27909353072570814 0.24538749524606449 0.2192916369698584 0.17326342785710694 0.2426907330463321 0.22521257526251984 0.13369185579888546 0.2522167672184819 0.282836642815203 0.25380015924308225 0.17000556229023167 0.20754313678286349 0.14051891244302678 0.16002135937790024 0.17325098035754555 0.17468309438330898 0.3279930910497781 0.3406007404385515 0.1686613245783987
113 452 0.228202659918668 0 0 0.24461398722821176 0.1447259917126254 0.2275498262778719 0.2783889867130257 0.24122623144905483 0.21447544506877225 0.1702650496831436 0.23822097251193156 0.22200334551131998 0.13019037849550263 0.2477038336180264 0.2773425606668069 0.24136866464972626 0.16540102165811477 0.20286224840635908 0.13264617152675473 0.16002744957574716 0.16829411111500786 0.17072416546063762 0.34081703954098386 0.3337708982941202 0.16574835622763703
114 456 0.22882205456085117 0 0 0.24540989551662112 0.14180262009892242 0.2237776663053679 0.29604567613922567 0.24172668493552923 0.21209736898898365 0.16878540605752362 0.23592820964555036 0.220443877163288 0.1295236006966627 0.24601568942270377 0.2772303527924189 0.24206449393744164 0.16656590456090217 0.20254494801698306 0.13715431583129495 0.1598235422220436 0.17376395245360599 0.17150531496787755 0.3475189630247356 0.33307113459213106 0.16436856196905666
115 460 0.22538889586610283 0 0 0.23899824681187387 0.1406677515369086 0.21960539317331576 0.30230588434249295 0.2338682115450539 0.2097809468640295 0.1669674919452169 0.23184752110727724 0.21450204480173973 0.12694900076288598 0.23987199915702048 0.2719255587159885 0.23778557250119153 0.16398150455073665 0.1983467820062347 0.13393968688985367 0.15632433997319733 0.1690342440125069 0.16793287469275486 0.34087126409801594 0.32602500381180555 0.16055174729463417
116 464 0.22150915050168465 0 0 0.235603810447131 0.1364298951514218 0.21559451750424452 0.29999574858812883 0.23072603753231252 0.21014669652284193 0.16407324936066559 0.22360201087989412 0.2100491275162243 0.12448730902771155 0.2377012577089761 0.2661290937432156 0.23224168588208527 0.15999816882849432 0.19364176346378548 0.13333054928152832 0.15659601427729808 0.1695121374893199 0.16325162949528144 0.3340425775484653 0.3134912021918053 0.1567223465133946
117 468 0.22456337403885704 0 0 0.25152851071912896 0.1342880437010966 0.21736819255421766 0.3089686767262409 0.22855802260551503 0.22157695459178864 0.16518263257236174 0.23344290183455527 0.2153844161263474 0.12460983258016702 0.24041196455479283 0.26648240777273335 0.22967287742032252 0.16382406036818647 0.1938849423691673 0.13447905286487022 0.16115865452882816 0.17223538892468102 0.1667154469410058 0.3405439071138039 0.31623176252576357 0.15654019753476375
118 472 0.22779395440764014 0 0 0.25869797413786644 0.13846696279419904 0.21676080443503806 0.3165848876771227 0.2430271050454156 0.23948484511395357 0.16604217238603775 0.23724018814959605 0.2175626738641222 0.12594262151901098 0.23179109624819202 0.2695411282640636 0.23667362300205805 0.16657813770857258 0.19671873988019806 0.13854755176976577 0.16309049030360645 0.17058620202288818 0.16186912522165542 0.3443881055133079 0.32133886296316033 0.15528855035687095
119 476 0.22368567785684526 0 0 0.25656956481347604 0.13533903862205637 0.21366029630226094 0.31029560030986253 0.23744195155189282 0.24352184308723168 0.16148440438307507 0.23072046296652793 0.20612169805320352 0.12272060720185538 0.22760007376493085 0.2643231026620844 0.2330750241255714 0.1625458702604691 0.19250673868864024 0.14182361821854814 0.15822079076480894 0.16398190134664026 0.15763433258848963 0.3370944067180329 0.3137554184457384 0.15067232245249018
120 480 0.2207260277068811 0 0 0.24901708423340024 0.13259707097164572 0.20932423280824786 0.3012877192578434 0.2305059178803718 0.246226424486142 0.15786006228650282 0.22475574523788333 0.20619659592808007 0.12049555736305681 0.22190235816873255 0.26434431167408484 0.23261763931328053 0.15645148478862986 0.18795164470027995 0.1404861380210946 0.15949104893272412 0.16048898421927402 0.15457186580775606 0.3251870781577528 0.3087436939758237 0.1472239271555984
121 484 0.2137165091188734 0 0 0.24000903515973543 0.12566447732460367 0.20249362449980213 0.2932169781238146 0.22414733531570719 0.23991744157752787 0.1512416880386631 0.21791947553186666 0.1998736572718792 0.11450291517648432 0.21172625815744087 0.2595589005807136 0.22223678197212735 0.15401835782319942 0.18092529868028795 0.1344387184768621 0.15295378495319967 0.15602907425976256 0.14877087085931304 0.3185373069714239 0.2906035812650486 0.14155457961334703
122 488 0.21246915781132503 0 0 0.23677175261075328 0.12345777945488068 0.2000936647037716 0.29040472529795314 0.21993913046451954 0.24004282452996975 0.1491464962577624 0.21489894126915166 0.19662108378830292 0.11332889057544544 0.21094367516150017 0.27970907143198254 0.22134085220462674 0.15406403397087096 0.17840388737057383 0.13261813737585984 0.1508689812273426 0.15607440723073215 0.14430008230371283 0.3139289782884446 0.2890983226145895 0.1397727906469668
123 492 0.2111851756462456 0 0 0.2325715505427771 0.1212813734292298 0.19782288530859485 0.2862663262049843 0.21699188787862078 0.2464792273834524 0.14550498636622336 0.20950830472227405 0.19536465943246223 0.11072935606145189 0.2074594591774316 0.2959211782699375 0.218782306304987 0.1530422575073676 0.17681724136546131 0.13039013657789617 0.1485296156402668 0.15350610876720402 0.1441751692435746 0.31097539986105033 0.28543955332440035 0.1405330639252533
124 496 0.20932648879198182 0 0 0.2330538755374684 0.11791862138248926 0.19454812314197542 0.2809575716866685 0.21383605981299106 0.24407078905015264 0.1448718145509909 0.2080398198178733 0.1984344358486868 0.10806334381006863 0.20402212958087992 0.30453119278274793 0.21151182134906404 0.14993566041556616 0.17491019389271528 0.12963224086555314 0.14609327110944517 0.1504055688293843 0.1419221725835825 0.30669489784320825 0.2820922551508226 0.1419965914041429
125 500 0.20229247192222372 0 0 0.223106825182802 0.11248521354195712 0.18574447688538012 0.26820060345957986 0.20593090685938661 0.23709421208883205 0.13959634113015465 0.20155410116152872 0.19201435343371276 0.10474166855335719 0.19501468318840837 0.29800885245815323 0.206780969980208 0.14406707249502954 0.1671560161076525 0.12485622412191368 0.14093926258556091 0.14311039229413405 0.1372679039414966 0.2936056167510414 0.26753251434346104 0.1366339435010103
126 504 0.19707227984577383 0 0 0.21603993784381345 0.11061295110613226 0.17203637108330133 0.26148699266943537 0.19813665834426583 0.22964623641862744 0.1345150263986432 0.19534927702928614 0.18311257871241415 0.09957671961262138 0.1883673289329629 0.3015285595252147 0.20335170847323134 0.1391308625086611 0.16177373769162898 0.12032033213418176 0.13654909837990906 0.14134027427558693 0.13285259955102424 0.28443796459667936 0.26551901193372046 0.13239267491256188
127 508 0.1943295455353798 0 0 0.20673855456079657 0.10698725649900112 0.179267882043175 0.26296087688967507 0.1935464241609784 0.22711617572961287 0.13064153537511686 0.1913548714311358 0.18310020442100383 0.09812078034636423 0.18376807152735788 0.2996797504253753 0.19666901289810557 0.13799294152379646 0.15853817603501374 0.11786130259753122 0.1330533246496766 0.1386644248435594 0.13191020536616385 0.27928279714083043 0.2581980865163708 0.12918720360327354
128 512 0.1948026383911035 0 0 0.21176212834593444 0.11073028155008983 0.1918021078637577 0.26335645822339415 0.19632773479291596 0.23028825439631215 0.13211127836575787 0.1895450745308938 0.18171860847588184 0.09773036432457854 0.18206205292527752 0.30209744027065866 0.20579997152197213 0.13848594370436354 0.15789583975738794 0.1154831620992357 0.13342292774720527 0.13868843199504496 0.13162542641444228 0.27783025285937896 0.25794410555067937 0.1288870953514077
129 516 0.19731175189389624 0 0 0.21547423658356266 0.11247656809163076 0.20274744783682586 0.2613124039666314 0.19873074624930587 0.23570576998216797 0.13301263688730167 0.19118769770179192 0.19243517114159 0.09743446519096577 0.18395871255276144 0.30624377603536873 0.20378033567134063 0.13877734756976223 0.16073556872649516 0.11789299766959047 0.13203713083563964 0.1391722899023281 0.13203872817871773 0.2779289523795231 0.26028057544960226 0.1284150628737521
130 520 0.20246148361600816 0 0 0.2184344264003303 0.12202074830946878 0.21139389975008943 0.2697468859474563 0.20660510109058575 0.24008221636280447 0.13439820025899107 0.19593134242270624 0.21164528886796108 0.09739461241516947 0.187332329337101 0.3092817722839167 0.21745531805632146 0.14147244846817822 0.1646076320892816 0.12258746942756156 0.13528561610948017 0.14238379130959444 0.13501617863568366 0.2854384980186669 0.26620547188233634 0.13338570560847662
131 524 0.19967301033830978 0 0 0.2159013876889674 0.12137446107093736 0.21317830634744878 0.26594219482119985 0.2024573551700853 0.23636085026592585 0.13094449858675658 0.19152486301600222 0.21188937778482694 0.09787776057516706 0.18199243026475448 0.3059591416401314 0.2187914506026561 0.13945407524495598 0.15998515309070602 0.1193541100949031 0.1335362545002927 0.1398513569065407 0.1314409607330401 0.2783024483670673 0.2615169560309513 0.12882536190073052
132 528 0.1980963374813996 0 0 0.21070944289495475 0.1210820819109053 0.21366677310953497 0.25783510736629656 0.201262757767676 0.23043721319200286 0.12926756805111744 0.18865346831479113 0.21752598579781793 0.09655441025425207 0.17827821550140158 0.3099329113324827 0.21638951437976772 0.14205408298562797 0.15996089649062675 0.11791519690578929 0.13092495481293714 0.1381873492005037 0.1302217678507568 0.2745519808651776 0.2570335815353432 0.12794521817564622
133 532 0.198439657470838 0 0 0.20836150083799343 0.1251488315877783 0.2179228245064179 0.25744393856130404 0.2009946029185694 0.2240620183067181 0.12976529077708793 0.18594173323413304 0.22068798595663286 0.09605066272737968 0.17711813327974646 0.3186692559284409 0.2136910349623505 0.14394505682098918 0.16115274960853387 0.11714966842284451 0.13270259817245478 0.13740275824862094 0.13998836880909277 0.2726035200277142 0.2503734648310474 0.1273635548782042
134 536 0.19924729475366923 0 0 0.2112606981516013 0.1309086679637232 0.21914407704486147 0.25833542307706925 0.20932568813777847 0.22330536399958026 0.12802999141285662 0.18659748894810144 0.22298074422562858 0.09460924933913216 0.17698046932682415 0.32155543631670575 0.21203079736304484 0.146582628986779 0.158275630423341 0.11559943899711118 0.1321765689402389 0.13584029157510633 0.1412074798019959 0.27703574232479233 0.26567036507733593 0.12744026484112508
135 540 0.20106990065626082 0 0 0.21254766785009443 0.14070648832280336 0.22015140816483342 0.2610699349187872 0.2112636208872846 0.22323179892347303 0.1286536647877081 0.18758567161177458 0.22598531383944356 0.09528406826869393 0.1776501260023566 0.32544628683358745 0.21654866038660794 0.14691863460231308 0.16382572421874728 0.11758699715400897 0.1342171834579809 0.1355396966563813 0.1429445979003276 0.2755952571989035 0.2756454588955329 0.12817010072674387
136 544 0.20149777326689525 0 0 0.2128775434521811 0.14316645870673994 0.21717394184642186 0.2606878595360053 0.2097304199272658 0.2223799333210953 0.12833308900304607 0.18012839785411122 0.22593491690187553 0.09492924814861953 0.17676665903896016 0.32379064113252143 0.22004090514986593 0.14637762135480065 0.16355045637578786 0.11594398464589466 0.13389764999413659 0.1432980811227627 0.14478619027958148 0.2794743573338185 0.28673102761034786 0.127866430718318
137 548 0.20159795023843388 0 0 0.21337288972264812 0.13923563811211653 0.21670781604476602 0.2593042277521398 0.20764946010026114 0.2194344022282737 0.12767115071024313 0.19399590744914647 0.2250751672332471 0.0946729715576813 0.17460935497079022 0.3212537638136466 0.2194687922908048 0.1455234734735187 0.1622988592604261 0.11739975068584593 0.132327781667378 0.14652852344128608 0.14407667387407477 0.28038687683123 0.29845598741355345 0.1270122146747003
138 552 0.2064860353413417 0 0 0.21667266597234983 0.1504530916947372 0.22012271062384817 0.26449102976820726 0.20466755004718368 0.22472595895657685 0.12935858161770544 0.2046202578056041 0.2315583340042178 0.09570909994564096 0.1763095434877175 0.3264117035806055 0.22364430626342108 0.1478028179627664 0.166225491479912 0.11895954883616151 0.13493150670570433 0.1536243392041697 0.14562087332328916 0.2875819283574644 0.32584801393314294 0.12898035865092286
139 556 0.20967968061373557 0 0 0.21809733378526952 0.15529408846574866 0.2216028895820498 0.2665069084763555 0.21090137606601544 0.2235251805189733 0.13019412908780237 0.2155170093312767 0.23486586026041342 0.09598899747690227 0.17703270577588992 0.3283576802996094 0.22507567261596503 0.15011912742109934 0.16770702722233882 0.11925421745509392 0.13307034367826157 0.15435702473704518 0.14854381313202517 0.3150426035383711 0.3372263811446383 0.129089580844943
140 560 0.21467073730672148 0 0 0.22056756278619497 0.16116500189650845 0.22741522407568865 0.27047487544988313 0.21432442794252884 0.23114792267952258 0.13317974484515582 0.23839914375400945 0.23124130268310977 0.09779801617497924 0.180436221130901 0.3292496372129718 0.22928550584546967 0.15267371660759976 0.1716173623340835 0.12658426680581691 0.13772735658783952 0.16419349513569062 0.15054686634273085 0.32698237384999457 0.34338985053189525 0.13106245273364722
141 564 0.21433238699873233 0 0 0.2150813403237782 0.1602380441989882 0.22499248619396514 0.2669863518445558 0.21183561971124987 0.2262431525414113 0.1318512021437397 0.24545586677017261 0.22581686228912676 0.09682112956024734 0.1802223866340283 0.32565814022729306 0.22611634682507933 0.14871154095199882 0.170559331787939 0.12605281142626082 0.1367862817229204 0.16715357053026364 0.14983585159414325 0.3312963102473415 0.3418243380519841 0.12800014443518862
142 568 0.20925865654601966 0 0 0.20990546907631658 0.1572054736974605 0.21367857041596167 0.25358078239588316 0.20399732876000173 0.22199807796355914 0.12746467300359293 0.24128157476488304 0.22239262372731483 0.091346837262551 0.17444806876953406 0.3141714829457424 0.21873496207130438 0.1415941871289842 0.1623780060530759 0.12247684878777594 0.13272793558490828 0.1625316574549644 0.14400581042878238 0.3230360377550879 0.3299041607900638 0.12517936492975357
143 572 0.20414152620983342 0 0 0.200610004801381 0.15353600331837633 0.20493713932607302 0.24824872931827174 0.19344530109219665 0.2161327908952884 0.12421143982810826 0.2352946942833026 0.21525243245098813 0.0913359618810178 0.1679718491426145 0.30558391727202894 0.21144168075176423 0.1377936165051474 0.15777512825051007 0.11822812016539189 0.13054579534825259 0.16158151937006518 0.13902559655169372 0.305910021212634 0.3246678316586337 0.1214055510050823
144 576 0.200258140218483 0 0 0.19930904928902743 0.14845430158956058 0.2023346820676801 0.24236688968074352 0.18980873948298105 0.2107491336890466 0.12162812455811678 0.22866709090274626 0.2095234006558405 0.09011910931075771 0.16414466255152524 0.2949504791491945 0.20295508665475787 0.13324628727105933 0.15118582308337525 0.11505288913383448 0.1277265560425192 0.16045297661016855 0.13499817258040125 0.2987477475163589 0.32463859968687175 0.11813101506983331
145 580 0.19975443435643772 0 0 0.19918776896584206 0.14816841843353337 0.20719282997072008 0.24022775450164646 0.18641568388417212 0.21324101598895354 0.12063911814721984 0.22571002595873835 0.2068348885735571 0.09214198514652193 0.16249477312566626 0.29682273865683045 0.20327132889104924 0.13299827070646866 0.1556624137345713 0.11429581933550528 0.12763373590904367 0.16121836985887436 0.13334557131118827 0.2991750364978226 0.3278970906813634 0.11678311129923892
146 584 0.19795767355547791 0 0 0.19510740657828587 0.1472856549786378 0.20972273896373686 0.23514715296039093 0.18449622786357586 0.21081821839482498 0.11805973456817323 0.22444331684013888 0.2002041196114139 0.0920907365376989 0.15945266512465722 0.2973389788235359 0.20021926294380574 0.13114332541136242 0.15536443937353883 0.11075427943597409 0.12598442553011055 0.161091844796554 0.13179705081257134 0.29032280435294117 0.32455225337326565 0.11551329191222805
147 588 0.19612269306855074 0 0 0.19412883772725603 0.14797590738006813 0.2101218760920691 0.22761076241202086 0.18196378926579357 0.2072686660309251 0.12267323840759146 0.22222923874853653 0.19709475291470663 0.09083425577012835 0.15657762495976402 0.2971331253403513 0.19610613858778192 0.12639360775994996 0.15697852941045037 0.10883700224346071 0.12487273684004795 0.16022252357421002 0.1300250562370905 0.28606315154729445 0.32220017851417865 0.11216996616309688
148 592 0.19365296146350328 0 0 0.1918126280889159 0.14768216991405755 0.20894689717763681 0.22914884910626976 0.17922110668094032 0.2027123478240312 0.12094765326398285 0.22102523721637324 0.19176762548980225 0.08748939915054436 0.15090710865156118 0.2918371134735732 0.19709792146902036 0.12937771003542045 0.15502443782920905 0.11022615462001714 0.12240746262851715 0.15615174249362437 0.12770023489279791 0.281868079286524 0.31550987238222156 0.11270053219509632
149 596 0.1997166369422641 0 0 0.20596196548402082 0.15532686627264441 0.21314703397188636 0.2346680693369994 0.18337915709492958 0.2080529494009686 0.12375691325401847 0.25324557879180404 0.19754635164519718 0.09575361159325664 0.17248569522085808 0.2987467851659576 0.20207514973277407 0.13654595988731774 0.15873785184430608 0.11279038111787917 0.12530977231724202 0.16002477458103392 0.13164266738905864 0.28642552161814405 0.32172567768630533 0.11589425037455356
150 600 0.19981198073604928 0 0 0.20934399004587004 0.1533951083835737 0.2115178360452983 0.2307436069116789 0.1815399885395276 0.20212254016117384 0.12284702265064228 0.2690493105751236 0.19717715405203576 0.09532278412050153 0.1765598084986252 0.29574278039116997 0.2014457598813365 0.13704582594547082 0.15724604109065707 0.11321476574935861 0.12450806310185987 0.15917495476742224 0.13079737146954307 0.28176103622595194 0.3153982734321728 0.11723876132583105
151 604 0.19417105439938365 0 0 0.20255128794018254 0.1533657626181751 0.2030449835024712 0.22330766664771692 0.1760956296019399 0.1979782500099631 0.11810418611310892 0.26571007818216336 0.19010586677618896 0.09265726915827383 0.1705138153689428 0.2817432274314829 0.1938057607230533 0.13234390129153362 0.14979672946218944 0.10936938909116806 0.12002023497783217 0.15375407947073824 0.1255145519315501 0.27248855620705636 0.3078335127859521 0.11412610825127506
152 608 0.19153522803657588 0 0 0.19910665402021346 0.1506650471311007 0.20016734296666644 0.2178742478577966 0.17786710023261057 0.19226152518756381 0.11557761681159337 0.2657364509346729 0.18528156716713212 0.09086034242630023 0.16748154389083963 0.276099292027164 0.18999868779751994 0.12795622015402802 0.14676079639153572 0.10805854154814447 0.11754031965527965 0.15560144410766005 0.12282574653754785 0.26760913513584667 0.30722620337835005 0.11174148639276198
153 612 0.1895428376088619 0 0 0.19572659214514562 0.1612933988966343 0.19764014250318915 0.21434519775477276 0.17580679393099718 0.1918516908205525 0.111823660451748 0.26287912593290397 0.18250167865076694 0.08900623359325532 0.16228871284739807 0.27145544129198484 0.18620329975949343 0.12563851070019721 0.14371783853043066 0.10620872735703446 0.11470197323132358 0.15640143962336764 0.12075655187628745 0.26272282529843016 0.3037749392569357 0.10869325673800297
154 616 0.18392878170482824 0 0 0.1888750035620016 0.16112522541606697 0.1898690783440169 0.20660714837295666 0.16882486315955883 0.18625685753957982 0.11419201115371433 0.2496772057791247 0.17436003130148295 0.08581117254470763 0.1576450596255684 0.2565119042677503 0.17931831686336822 0.12194211354870219 0.13954712276202566 0.10210483698155427 0.11163690385047918 0.15197462844123757 0.11621264470463304 0.2534466675875482 0.2922867094578114 0.10591094836001651
155 620 0.18207065831859995 0 0 0.18487711083750705 0.16623786855399597 0.18665172751712042 0.2003650899147897 0.16886839977900714 0.1848243760960924 0.11449212281074343 0.24996924633567927 0.1722821960386717 0.08395044521489244 0.1546996376651181 0.2567547279780095 0.1768989068110528 0.120776631749785 0.13780777689213863 0.09932476698903527 0.11228915649774697 0.15105385681712982 0.11323754181939974 0.24957101526007403 0.2911306822593515 0.10447992151537776
156 624 0.18234811960110223 0 0 0.18417940998397614 0.17171951589997025 0.1861106629622331 0.2017360866833325 0.16733973536171287 0.18535515460162108 0.11297285858743752 0.2541981451757275 0.1690643690310796 0.08277811337733518 0.15499852786943585 0.26315035852551094 0.17627412029658732 0.12025385797862348 0.13735741405274934 0.10053252179372996 0.11310132457600319 0.15286825578705307 0.11333564105094253 0.24650390111899864 0.2907797577839445 0.1057115220450324
157 628 0.1840432624837494 0 0 0.1795287142942821 0.17547735349840826 0.1844568822453955 0.20454994086945238 0.17582702687849053 0.18580317081802647 0.11381202676778639 0.2647822150792731 0.1712202242292879 0.08349153852127618 0.15982170214394717 0.2671973190558344 0.1779494126355724 0.11894044241849602 0.13538808879622133 0.10105060976209046 0.11363703803751861 0.15567526002650703 0.11484585201153995 0.24767085271390862 0.29169987015493654 0.10495932133234187
158 632 0.18367003196350015 0 0 0.18091381806751955 0.1742376323860188 0.18281678429285594 0.20539192545962756 0.17674231002927848 0.1826942149149219 0.11313218160349249 0.27149860170674306 0.17104009260061237 0.08276905473866925 0.1596238524217062 0.26438918144843826 0.17636941093570785 0.11723865487156945 0.13412644469278107 0.09934169311555072 0.11228738484640646 0.1553070226247882 0.11402699678941658 0.25384425701267094 0.28695168237838214 0.10545211564154709
159 636 0.18333061637013665 0 0 0.17976569937146175 0.16932910982008906 0.18144477698802047 0.2007152366529913 0.1768265010988408 0.18847345012448968 0.11224985399163956 0.28175577171393895 0.16945247237711294 0.08182580954621299 0.1593265269552811 0.26079347664024066 0.17304312192220056 0.11637902226703237 0.1396461665800836 0.09917216580257247 0.1105830872936777 0.15256956898042803 0.11302962575162508 0.2595351735772559 0.28644873606138077 0.10447264298785164
160 640 0.18358463586038215 0 0 0.1777004930208494 0.17029349913668873 0.18044471182537905 0.2059858460925228 0.17360491815672605 0.19102997491793794 0.11104919052980293 0.2912141952427848 0.1687491881489694 0.08096664402309105 0.16103790891720632 0.2605005175002149 0.17860123567957226 0.1158184978143354 0.14052152982543176 0.09480200062569977 0.1080057992258296 0.15522077869247958 0.11206743726634723 0.2631204971632791 0.28512339238800644 0.10331689606776197
161 644 0.1839777077680514 0 0 0.1788495694058014 0.16961777748616055 0.17891278912279243 0.2104617223459601 0.17564018103984716 0.18903853226996595 0.1104145843062194 0.29729095395232585 0.1665705716477457 0.08040425397935173 0.16490420405070158 0.25502330121729255 0.18077475689074374 0.11499536375188957 0.14062512334247065 0.09657284365393468 0.10888365739400178 0.1588222158183456 0.11175076686566754 0.2579955066583017 0.2812369802255604 0.10384343882392198
162 648 0.18572523547200182 0 0 0.18021150206059644 0.1693621809335842 0.17633961385908453 0.2079600580464888 0.18222165908018031 0.19251485281779074 0.1094686289868143 0.30277515450478665 0.168044870997639 0.08036148127975022 0.16595012665392786 0.2611311527933491 0.18046359291172315 0.11493572169932026 0.15114574808502726 0.0983401634339612 0.10728326146390697 0.15794335505832305 0.11213301085025747 0.26083172987863007 0.28263676742212335 0.09982092009763212
163 652 0.18481943687949598 0 0 0.1798356965128687 0.1664636556901405 0.17390313780407077 0.20703051421226432 0.1874928799113264 0.1934685880887678 0.11078808795567978 0.301322876608426 0.16585567219886563 0.07968491604463473 0.16385320872241713 0.25839552356929146 0.17875889678970242 0.11368044589491258 0.15949457660124944 0.0968615582965128 0.10675356800826906 0.15635224284444102 0.11066169186314549 0.25692566808365347 0.27719348188721105 0.10032291488457307
164 656 0.18381224388377884 0 0 0.1790499356333 0.1638578269041088 0.1711487235065171 0.20366032179225088 0.18910481132492135 0.20120776673982083 0.10983606551855546 0.2979369380349037 0.16397900521185682 0.07741500639539933 0.16078479188430783 0.2545184017511893 0.17558724638408132 0.11149661327923503 0.16765426453498514 0.09590144504966791 0.10476606421141033 0.1560140100116179 0.10901635615071303 0.2560882373933449 0.27289433811964053 0.09898300216472698
165 660 0.17790265672035566 0 0 0.1705761506493926 0.16377433193402738 0.16376435942623385 0.1969271781522468 0.18245532725270616 0.19388962232594478 0.10541118863158004 0.2850189866075978 0.1577664495889867 0.07913862410683122 0.15417092025571444 0.24509729650773948 0.16804800174500215 0.10828490693150819 0.16285399698300213 0.09187230568358604 0.10152381162482557 0.14990641033687835 0.10537427071255773 0.24562061293926668 0.2658780369471559 0.0948504678358274
166 664 0.17268369713862114 0 0 0.1638479114265858 0.16034589093559767 0.15928074223391028 0.19010160693631234 0.1714151585744725 0.18883527514729126 0.1022507320035736 0.2781664877951675 0.152694104847831 0.07939824315064543 0.14852961835901807 0.235250839962341 0.1674703739752712 0.10421128790938139 0.15695370376762485 0.08828380779006684 0.09726172747354275 0.14408794602576536 0.10125440945765225 0.24933885443548043 0.2563553740697253 0.0910375994812695
167 668 0.16741123315819462 0 0 0.15696630927073502 0.15394874228943525 0.15353293257254244 0.1833335019903492 0.17433738026458512 0.1797423276216798 0.09910205751223078 0.2680894775316696 0.1468353526154978 0.08035749801393391 0.14239139644872068 0.2274106328278884 0.16196997559330353 0.09995194318317514 0.15056749424451654 0.08510216299165645 0.0938649675380996 0.13960269566845485 0.09724730720205267 0.24275475576288624 0.2484703586097994 0.08803520959696813
168 672 0.162504121762708 0 0 0.1527285184992316 0.14656270787084286 0.14902463475610891 0.17628323912338126 0.17111116038576618 0.1776346067780884 0.09746900592354943 0.25837819413310215 0.1414595009143804 0.07722475187659013 0.13832713046820413 0.22046136676303088 0.15630652802600353 0.09678994542584361 0.14492784442876003 0.08205916174291145 0.09021500531451482 0.13383146304228197 0.09323781031914785 0.23351264085221013 0.24055988681649504 0.08445148407014164
169 676 0.15719256500892567 0 0 0.14609437633264166 0.14276248173857545 0.1457210830001174 0.17064400137317393 0.16889050355594323 0.17440918973537392 0.09411890069757015 0.2494282814746693 0.13550740011228482 0.07445882399961126 0.131534802280805 0.21195891665410743 0.14961719372663485 0.09276763281179515 0.13877333767927838 0.0782139030721297 0.08648542642230769 0.12575922444603635 0.08985918255423059 0.22360345883925858 0.23154438760883336 0.08231892908755346
170 680 0.15475884750851002 0 0 0.14317411887482157 0.14100485027442014 0.14231430726510358 0.17164083320632267 0.1669237918202738 0.18042465282672301 0.09021525256389991 0.24049843240183408 0.13222774376104274 0.07346107834243523 0.1291026846580014 0.2099285264298552 0.14716828416587344 0.09053046572648729 0.1383518423540648 0.07678176298314247 0.08308035236338981 0.12727558205798895 0.08746426580392785 0.21446829594623046 0.2260728054805762 0.08124216257002853
171 684 0.15464157451338803 0 0 0.14049093016431669 0.14155095126140735 0.1409495745928113 0.1712390290717476 0.16498886532022153 0.18339328415811168 0.09082673252560276 0.24507923275787466 0.1313416418057853 0.07345333144711781 0.1273857454998705 0.21303933312387388 0.1460172398052782 0.0897840821980096 0.13210209785320032 0.07609775228735757 0.08684351893376946 0.12619328690827503 0.08724005042771418 0.22134706031261353 0.2233840343537687 0.08085838231448475
172 688 0.15763323715308744 0 0 0.1456912879621718 0.14421425494120407 0.14192979569777542 0.17319888153836427 0.16788332643172413 0.18839957078588906 0.09511852396243743 0.25415545760190444 0.13262652733412292 0.07525874994162182 0.12961561864764137 0.22532779273296746 0.14413288738286417 0.09106722337849349 0.14957200667651285 0.0769844778736838 0.08948445835997941 0.1279977572099476 0.08774495510113098 0.22952621350580352 0.22559728862760325 0.08131875317442741
173 692 0.16052490688368648 0 0 0.1455512744694834 0.15908157566619593 0.14264756568528725 0.17504224746567246 0.17248807770679714 0.189492920588569 0.09717663491734081 0.26879942726197875 0.13352168485187466 0.0779592925382993 0.12963815284558527 0.229320359265074 0.14544563933163893 0.09171962652745713 0.15522904213746966 0.07868569107378075 0.09706568924044788 0.12955722217764137 0.08879947356665649 0.2330587096852289 0.22461096210475223 0.08218992267916846
174 696 0.15991473807329165 0 0 0.14422428250233138 0.15864313462475238 0.1403227680950019 0.16732652941326942 0.17099294620252953 0.1891255855722858 0.09700407548250112 0.2715290545785045 0.13145511210511135 0.077351020984506 0.13188845455034873 0.22668297821728906 0.1440820554652476 0.09136946349000738 0.15590409385528778 0.07798328712289981 0.09969016647552051 0.1281408789350199 0.08839240996363204 0.2326310026959753 0.23167155006849138 0.08063414459552141
175 700 0.16056309658018525 0 0 0.14402156795773177 0.16402827435040704 0.1395107407758268 0.17650203209254117 0.17160184107885837 0.1880153173168627 0.09684543008205367 0.2741999310334268 0.13163040900312598 0.07719084477269017 0.13301783235134934 0.22243374896921742 0.1437817622782549 0.09176072783359962 0.15585736326344726 0.0793600154068353 0.10489520308198433 0.1274290759896149 0.08738372216764813 0.22968273064169153 0.23420975205667416 0.07982910181076543
176 704 0.16024546305824688 0 0 0.14206383684163384 0.1646055292823966 0.137749965411911 0.176922815025943 0.1698469225894607 0.18610525899532132 0.09558953453925774 0.28510341013804263 0.1334414020877903 0.07684262013353903 0.13212264385795128 0.21834280056955754 0.1427174534778877 0.09115951698285397 0.15022286295288778 0.08233758903145744 0.10899738507811058 0.12577308861896883 0.08598586253780416 0.22637633717845057 0.23581326022408594 0.0788040562998488
177 708 0.15924562980203896 0 0 0.14153289396225519 0.16441054727028848 0.13735834987352552 0.18115095652736812 0.16884990123836294 0.18344174512664996 0.09428972398171329 0.28962028069835977 0.13125214089307002 0.07607941001673811 0.12801871277777158 0.21855404436732614 0.14085455389772822 0.08965740181609101 0.1562737567426229 0.08182534236694243 0.11000928758621098 0.1229626165544811 0.08577437468449929 0.22506746545010464 0.2355038076719687 0.07767343298874607
178 712 0.15831772363057245 0 0 0.13822651395518704 0.1648519090184168 0.13597657014037687 0.1852647654951142 0.16698034146889296 0.18063460755279326 0.09088485964857065 0.2870129102091052 0.13150260951948706 0.07474892847698743 0.12712225931567234 0.21631819433106717 0.1375125340085115 0.08905416368228064 0.15899071748960147 0.08225216098343499 0.11219239457104725 0.11986666542205456 0.08500561685010806 0.22346860275661304 0.2346714734799128 0.07688076651102199
179 716 0.16084854746168661 0 0 0.138436625554171 0.17063431141873828 0.1361880504820432 0.18910289978654224 0.16891138006820447 0.18255125188013654 0.09221834421058174 0.28959248432574985 0.14217326218511575 0.07568380741380569 0.12861028714047387 0.22637656311297544 0.14098114380339102 0.08950904281902292 0.16213111600274202 0.08435809913928112 0.11477491720222295 0.12014781452770106 0.08613935693612663 0.2258617593942619 0.25972487197104993 0.07772295608073945
180 720 0.15865831084279416 0 0 0.1332288469824155 0.16867895172583236 0.13326246967768535 0.18388984551260917 0.16397640204854674 0.17869661655495295 0.08881290403633285 0.28281105634091636 0.14715998910733455 0.07393178660682802 0.12727065271666418 0.2257092511866134 0.13823538925476758 0.08733912693793375 0.158397556348836 0.0806937961127372 0.11292491492426002 0.11835352242504134 0.08478233992834476 0.21910590875566785 0.26445334692353833 0.07627713650315711
181 724 0.15852419639811938 0 0 0.1392736525454223 0.16571456179917368 0.13276043367009466 0.1841207569093034 0.1646849420817617 0.17737721608361984 0.09102462463495145 0.2802214352165257 0.15024578704583744 0.07338395217609367 0.12288681457611253 0.2236614389264796 0.1370441797996296 0.08662514307122761 0.1563949422898041 0.07840235190446593 0.11291092518659038 0.11671993753503453 0.08398527972927489 0.21698413161864946 0.26975494793462645 0.07739983506983551
182 728 0.16060845178685879 0 0 0.14624707620025956 0.16682554971616634 0.1393200633690317 0.19712238444655703 0.16722881442780493 0.18141120548475617 0.09514281944731343 0.2805114174373829 0.15608845339859811 0.07474637580525632 0.12204789831039585 0.2237101129312935 0.13721394827563826 0.08708400146557979 0.15669345096290085 0.07841615567793161 0.11348946298798576 0.1168789149382547 0.0861842237253144 0.2186808760001534 0.27322598059496794 0.07784046806471669
183 732 0.16187179608370797 0 0 0.14688093864717677 0.1691030811258229 0.14598963046195398 0.19789248963217876 0.1666376713341958 0.18058230801432207 0.10213754914981109 0.29352518316044884 0.1624173278611377 0.07444207229115687 0.12209318005901482 0.22209669384588648 0.1369466350873531 0.0890106080906975 0.15676295894627915 0.07806870860451343 0.1135157623426518 0.11615585570467138 0.08714834634178022 0.2215251197040338 0.2753524345245242 0.0787191082133613
184 736 0.16172041146140023 0 0 0.14518333225480268 0.16878481987231372 0.1495289151077169 0.19227610283290228 0.16521781963872534 0.17776204338226043 0.1041483164227217 0.312969169385711 0.16444804897255857 0.07305381285410326 0.12061926664351298 0.2220532764969964 0.13606868637770816 0.08639083626860367 0.1547841475065957 0.07727242463593373 0.11392470335799147 0.11749771578521916 0.08700038471505231 0.22123909838571648 0.273195725969199 0.07815062087379132
185 740 0.16651735947408153 0 0 0.150163654081879 0.17483189586884373 0.15269218776524252 0.20841564125118753 0.16856081438273465 0.18338814654921592 0.11096297896488568 0.33020781504406976 0.1692133612164089 0.07516045794758724 0.1286477507398862 0.22485645711893798 0.1390196987431185 0.09399461437455763 0.15746840399354317 0.07750653968076116 0.11787087321220872 0.12027119436364611 0.08915414053177899 0.22651494916450135 0.2770121375444915 0.07978353612262507
186 744 0.17040287663129264 0 0 0.1519064290686119 0.18102037539461066 0.15610736628276511 0.22016726546799995 0.17153478549653692 0.18207358484439276 0.11838098381383476 0.33852219164197045 0.17182772344389283 0.07739008975299426 0.13114494352643982 0.23057689329502926 0.13289878541484515 0.09581569628534439 0.16082704877242907 0.08096640824534246 0.12279055466388333 0.1324327764813424 0.09070821661288843 0.2310587978580618 0.2794643763863054 0.0807105093596856
187 748 0.17711991026211277 0 0 0.15961698559334805 0.18645249524124408 0.16357300607514244 0.23443175146605016 0.1775088254958492 0.1922786411175268 0.1275531889007466 0.3495328443771539 0.17655167662304397 0.08245529641982358 0.13652243718369403 0.24138762949283776 0.1410016500802556 0.10371214358648359 0.16952679312665647 0.08314926042765013 0.12041004800272331 0.1406252225813771 0.09303638928554292 0.24203767069038354 0.2880724847490646 0.08329186228025924
188 752 0.18248259797134658 0 0 0.1630927604374704 0.1985853549797137 0.16750484535091476 0.24023717343454667 0.1807926995041128 0.1980992395712625 0.13731392449466226 0.35051318560544154 0.18123637035613643 0.08417293149246113 0.14395802372358374 0.25741016038092857 0.14465707256767574 0.1089521380656854 0.1756937648554085 0.08502785769693126 0.12725707237104122 0.14459132074650166 0.0951019010609562 0.24753269551820162 0.29450698581330237 0.08394782941364787
189 756 0.19273199582672296 0 0 0.16982526823539879 0.21079569418131863 0.1821106740137413 0.2617652547505208 0.1883489704620111 0.2084187753282648 0.14908159796085257 0.36945954165289013 0.19527975030243708 0.090219315593383 0.15834678275980246 0.28181635177503095 0.15153906070325016 0.11474337255283039 0.18412641148654119 0.09332558818049734 0.12956117705999762 0.1510356831142547 0.09861726277975282 0.2580778545029477 0.31019127235578015 0.0882499153160571
190 760 0.2018421931598227 0 0 0.1764695134014792 0.21917728447843315 0.19675048863360323 0.2778620934045294 0.19628712903435178 0.2171119023963323 0.1573216379471381 0.38309749149771055 0.20365539067351413 0.09331933963550579 0.177814959750888 0.3017045628680791 0.15732316925769432 0.12205596579067443 0.19429330973964107 0.09830250141831681 0.13643105797147906 0.15572782114252287 0.10392552098556382 0.2744415781707629 0.3216894669193492 0.09196358469875511
191 764 0.20756616294743407 0 0 0.17939518949277966 0.2201931075665716 0.20396168010747426 0.28391472528330963 0.19740396839322485 0.2220717696702133 0.16962458669170608 0.3902449701383931 0.21174274705218654 0.0952630034706416 0.1876696927509571 0.30614888000240764 0.16071786329294832 0.12800850571795583 0.19999521116882202 0.10469955096603285 0.1381578062751785 0.15907513645780125 0.10634958528080304 0.282967134544399 0.3206508415588373 0.09366526512201503
192 768 0.21730914255991382 0 0 0.18841507867349055 0.22910390446613696 0.21685083433033034 0.3090259784098295 0.20996710184504105 0.23093517280277073 0.18435278488351356 0.4016501292887191 0.22138015412822748 0.09920786259696393 0.19971447286320868 0.32665744187562223 0.16565538604509641 0.13479449537436486 0.20875690032327673 0.11193573423254496 0.14539040336534803 0.16585710053259486 0.1103009056873048 0.2929343582877219 0.3435779567448554 0.09512187263809427
193 772 0.2245708406521436 0 0 0.19354545109511437 0.23777841028077118 0.22322057079496846 0.323630391858406 0.2127514478145071 0.23667507145951855 0.19398004431664287 0.41545874298267865 0.22520524104570686 0.10208089428578127 0.20956317562253202 0.3358359501859474 0.16953513330942183 0.13525511008999255 0.21442534398998137 0.1218601989756491 0.14921715878366984 0.16972709587856258 0.11296354851711786 0.31270407717951637 0.351317794122494 0.10226342477549688
194 776 0.23025624368275055 0 0 0.19708765053533323 0.24536464691797794 0.2291673760577306 0.33265084107190573 0.21255011093354573 0.2402474195372503 0.20234362400100667 0.412870513353329 0.23023339617912006 0.10354593044309691 0.2157741302345497 0.34413189980667935 0.1724901539210811 0.13836599956260554 0.21813111479714753 0.12638704960182637 0.15274876246251107 0.1725638030319334 0.11478110371153413 0.3409294005284596 0.36193888179470773 0.10767269836394289
195 780 0.233892071751497 0 0 0.20096802486696796 0.2473991122866266 0.24545332637404815 0.33222927748266423 0.21828604784458558 0.24190371973889224 0.2078298052997212 0.4295316316162683 0.22738093656962752 0.10221304063666381 0.219323297646017 0.33933981236562083 0.17451271005876398 0.13956807644135308 0.22072156637122445 0.12757948281935694 0.1530368568206837 0.17413732866385062 0.11615872547080977 0.35335242550252244 0.3661056885155896 0.10337698601025232
196 784 0.23766649593336805 0 0 0.20419808532981482 0.24982623366727327 0.247918456017474 0.33681243574639397 0.22786076908527425 0.24405211175093056 0.2149155061161527 0.43729771791576877 0.23240372153670746 0.10211885972753296 0.21828098497959725 0.34811006949570217 0.17992292939370927 0.14028713590576145 0.2218617318065708 0.1275688599861386 0.15671070395872047 0.18075892595762952 0.11691719661505993 0.35993488709868215 0.3669856563985732 0.1056062262410998
197 788 0.2390281097340267 0 0 0.2057710391320501 0.24932872204753456 0.2439323147275067 0.3360402251273202 0.23228746300587155 0.2436981288332136 0.2145886981197958 0.43590741993248094 0.23070309226562372 0.10312162250743881 0.2205771279379035 0.35878595917084893 0.18708728245736175 0.14009663331116426 0.22281343083992317 0.1271330469079793 0.1571089450205706 0.17764427877905178 0.11596998491900438 0.3616711660588449 0.3573396673003756 0.10853036161081824
198 792 0.24263733320112482 0 0 0.21767716696544828 0.2507168562094108 0.24780421345347123 0.3400015574761476 0.2359548533027222 0.24336971132191068 0.21570125089830655 0.439596954984462 0.22984631875701889 0.10630224253938704 0.2290430748208101 0.3374939088253884 0.19666932934159637 0.14360744998207628 0.224728693479173 0.12792813871794756 0.15803559025011726 0.18397917723205023 0.11583141762445634 0.3655753962639405 0.3610182066569192 0.11314715888665798
199 796 0.2398391023638034 0 0 0.22160180238609578 0.2419167015329777 0.23903680302081248 0.33369880485368075 0.23084772700287692 0.23971244972826533 0.21039041367872577 0.42629607420711213 0.2250314854910967 0.10547958366410592 0.22531895852120096 0.33211155561254446 0.19458954121475125 0.1409047214190904 0.2190417495878988 0.12476806190716327 0.15697486729289656 0.1814170109971677 0.113477323912005 0.35899005867740413 0.3534056201906722 0.11265548692743446
200 800 0.24264527173144068 0 0 0.24048515164030854 0.25410839201499597 0.25197879863753825 0.3345397768828643 0.23293768266975967 0.24084110677019424 0.21398718309473674 0.47273351933208546 0.2246847828758721 0.10669346086386956 0.22751084308687922 0.33408602384621505 0.19606885706264687 0.14139050335569328 0.21973034042249776 0.12450781603854569 0.15728878310713057 0.18569576347235361 0.11424895593207775 0.3573642319004594 0.356359952591504 0.11370605908596958
