% # columns="iteration, evaluation, sigma, axis ratio, bestever, best, median, worst objective function value, further objective values of best", seed=1752486891, Mon Jul 14 02:54:57 2025, <python>{}</python>
1 4 0.47556470627917036 1.0301599817779712 2.0 2.0000000000000000e+00 2.0 2.0   
2 8 0.4563705826846556 1.0310044137231005 2.0 2.0000000000000000e+00 2.0 2.3151514530181885   
3 12 0.44016173877071596 1.0388491598312546 2.0 2.0000000000000000e+00 2.0 2.0   
4 16 0.42793643218020866 1.0498653292270244 2.0 2.0000000000000000e+00 2.0 2.0   
5 20 0.41762741849082413 1.0633559570252336 2.0 2.0000000000000000e+00 2.0 2.0   
6 24 0.40696441857995685 1.0740790816634715 1.9428571462631226 1.9428571462631226e+00 2.0 2.0   
7 28 0.3959361378229427 1.0767135774109977 1.9428571462631226 2.0000000000000000e+00 2.0 2.0   
8 32 0.38731938450805403 1.0835596118508697 0.07662835717201233 7.6628357172012329e-02 2.0 2.0   
9 36 0.38111051274415625 1.085646761501131 0.07662835717201233 2.0000000000000000e+00 2.0 2.0   
10 40 0.3761038214147152 1.0932959806922256 0.07662835717201233 2.0000000000000000e+00 2.0 2.0628018379211426   
11 44 0.3715619934456432 1.1045491308938504 0.07662835717201233 2.0000000000000000e+00 2.0 2.0799999237060547   
12 48 0.3677704138850867 1.099712780505398 0.07662835717201233 2.0000000000000000e+00 2.0 2.0   
13 52 0.3623274711494163 1.1133337473343676 0.07662835717201233 2.0000000000000000e+00 2.0 2.0   
14 56 0.35785322659004887 1.1418275947176135 0.07662835717201233 1.9378882646560669e+00 2.0 2.0   
15 60 0.354939863681786 1.1647193907535125 0.07662835717201233 2.0000000000000000e+00 2.0 2.0   
16 64 0.35221295534793495 1.179799797779669 0.07662835717201233 5.1014494895935059e-01 2.0 2.0   
17 68 0.35002010603463923 1.19861639194771 0.07662835717201233 2.0000000000000000e+00 2.0 2.0   
18 72 0.34731207665429686 1.209839853586776 0.07662835717201233 2.0000000000000000e+00 2.0 2.0833332538604736   
19 76 0.3450078652838811 1.2187616129166376 0.07662835717201233 2.0000000000000000e+00 2.0 2.0   
20 80 0.34346461795149097 1.229576354321228 0.07662835717201233 2.0000000000000000e+00 2.0 2.0   
21 84 0.3410705530341901 1.2285047189463492 0.07662835717201233 2.0000000000000000e+00 2.0 2.0   
22 88 0.3383296397057894 1.229085085068556 0.07662835717201233 2.0000000000000000e+00 2.0 2.0   
23 92 0.33554488918075714 1.2370891018970187 0.07662835717201233 1.7305853366851807e+00 2.0 2.0   
24 96 0.3344145864477832 1.2308886753442183 0.07662835717201233 1.7878787517547607e+00 2.0 2.0   
25 100 0.33522173348400885 1.2499152463157768 0.07662835717201233 2.0000000000000000e+00 2.0 2.0   
26 104 0.33555604018813606 1.267929274266916 0.07662835717201233 1.2915360927581787e+00 2.0 2.0   
27 108 0.33462502670533284 1.267314364819658 0.07662835717201233 2.0000000000000000e+00 2.0 2.252173900604248   
28 112 0.33267638722799764 1.2673493661572959 0.07662835717201233 2.0000000000000000e+00 2.0 2.0   
29 116 0.33055469260542636 1.2697501309174466 0.07662835717201233 1.5416101217269897e+00 2.0 2.0   
30 120 0.3295852915535606 1.2760366121430216 0.07662835717201233 1.4380953311920166e+00 2.0 2.0   
31 124 0.3296925766808777 1.2837834768829213 0.07662835717201233 1.4577777385711670e+00 2.0 2.1582541465759277   
32 128 0.33017512821951395 1.3634493075126501 0.07662835717201233 2.0000000000000000e+00 2.0 2.0   
33 132 0.3297829291884495 1.4396937858214347 0.07662835717201233 2.0000000000000000e+00 2.0 2.0   
34 136 0.3291211945703671 1.463804613804813 0.07662835717201233 1.5448718070983887e+00 1.9711538553237915 2.0   
35 140 0.327553494856373 1.4722450229654203 0.07662835717201233 2.0000000000000000e+00 2.0 2.343529462814331   
36 144 0.3251586702256022 1.4886968573588883 0.07662835717201233 1.2857143878936768e+00 2.0 2.0   
37 148 0.32516076326145515 1.512557830817684 0.07662835717201233 4.0402173995971680e-01 2.0 2.0   
38 152 0.32609021710389086 1.53508804562579 0.07662835717201233 2.0000000000000000e+00 2.0 2.0   
39 156 0.3253587914386831 1.528881602838458 0.07662835717201233 2.0000000000000000e+00 2.114285707473755 2.225454568862915   
40 160 0.3246932251878617 1.5290514243811943 0.07662835717201233 2.0000000000000000e+00 2.0 2.0   
41 164 0.32415901351301873 1.5284848769281962 0.07662835717201233 2.0000000000000000e+00 2.0 2.0   
42 168 0.32391772784335326 1.5482619031065592 0.07662835717201233 2.0000000000000000e+00 2.0 2.0   
43 172 0.3220166451207877 1.552984374884638 0.07662835717201233 2.0000000000000000e+00 2.0 2.0   
44 176 0.31928008174845673 1.5664281177192534 0.07662835717201233 2.0000000000000000e+00 2.0 2.0   
45 180 0.3164645245754859 1.5549159922506988 0.07662835717201233 2.0000000000000000e+00 2.0 2.0   
46 184 0.3149030841652589 1.5647872373583194 0.07662835717201233 2.0000000000000000e+00 2.0 2.193939447402954   
47 188 0.3108613172872047 1.5841968163882125 0.07662835717201233 2.0000000000000000e+00 2.0 2.0   
48 192 0.30799969124795007 1.6299291398911322 0.002962961792945862 2.9629617929458618e-03 2.0 2.0   
49 196 0.3062553758113353 1.6891318250688074 0.002962961792945862 2.0000000000000000e+00 2.0 2.0   
50 200 0.30530833282901315 1.7212066728634277 0.002962961792945862 2.0000000000000000e+00 2.0 2.0   
51 204 0.3048915462274548 1.748856022911285 0.002962961792945862 1.7000000476837158e+00 2.0 2.0   
52 208 0.30425453731729546 1.7880326663483734 0.002962961792945862 2.0000000000000000e+00 2.0 2.0   
53 212 0.3035257128301765 1.8147028864592902 0.002962961792945862 2.0000000000000000e+00 2.0 2.0   
54 216 0.30391327404190666 1.835830716813998 0.002962961792945862 2.0000000000000000e+00 2.0 2.0   
55 220 0.30460214243802464 1.8414272349560068 0.002962961792945862 2.0000000000000000e+00 2.0 2.0   
56 224 0.3034774618408109 1.8520847309548287 0.002962961792945862 2.0000000000000000e+00 2.0 2.0   
57 228 0.30269991461493456 1.8566244850550844 0.002962961792945862 2.0000000000000000e+00 2.0 2.0   
58 232 0.3049701683848437 1.8482192447423342 0.002962961792945862 2.0000000000000000e+00 2.0 2.0   
59 236 0.3064191572591111 1.8849120463242839 0.002962961792945862 1.8083333969116211e+00 1.9666666984558105 2.0   
60 240 0.3068765037530339 1.9173853293053869 0.002962961792945862 2.0000000000000000e+00 2.0 2.0   
61 244 0.3076460727313061 1.9349276355366485 0.002962961792945862 2.0000000000000000e+00 2.0 2.0   
62 248 0.3082536760416202 1.9460763771730964 0.002962961792945862 2.0000000000000000e+00 2.0 2.0   
63 252 0.30958567350845917 1.969035367631536 0.002962961792945862 2.0000000000000000e+00 2.0 2.0   
64 256 0.31203944694272345 2.0007150474778608 0.002962961792945862 2.0000000000000000e+00 2.0 2.0   
65 260 0.31548314500652386 2.0159515352739414 0.002962961792945862 2.0000000000000000e+00 2.0 2.0   
66 264 0.318204276178657 2.0226702258103457 0.002962961792945862 2.0000000000000000e+00 2.0 2.0   
67 268 0.32096090999263605 2.011555160411544 0.002962961792945862 2.0000000000000000e+00 2.0 2.202380895614624   
68 272 0.3239250638816938 1.9965009052490268 0.002962961792945862 2.0000000000000000e+00 2.0 2.0   
69 276 0.3276545284739678 2.0188827081286855 0.002962961792945862 2.0000000000000000e+00 2.0 2.0   
70 280 0.3320619927077525 2.012657517951042 0.002962961792945862 2.0000000000000000e+00 2.0 2.0   
71 284 0.3375084535120734 2.0297843415117387 0.002962961792945862 2.0000000000000000e+00 2.0 2.0   
72 288 0.3430184347881163 1.997605178076852 0.002962961792945862 2.0000000000000000e+00 2.0 2.0714285373687744   
73 292 0.34731720768465235 1.9829544777661425 0.002962961792945862 2.0000000000000000e+00 2.0 2.0   
74 296 0.3505045731707419 1.9907375861530163 0.002962961792945862 2.0000000000000000e+00 2.0 2.0   
75 300 0.3517540957241668 1.9657055371164107 0.002962961792945862 1.3188406229019165e+00 2.0 2.0   
76 304 0.35216064177800727 1.9774625937460963 0.002962961792945862 1.7310345172882080e+00 2.0 2.0   
77 308 0.3525852297989934 1.9755124180797157 0.002962961792945862 1.5105590820312500e+00 2.0 2.0   
78 312 0.35182054969702764 1.971838635161895 0.002962961792945862 2.0000000000000000e+00 2.0 2.0   
79 316 0.35028245644139533 1.9712905017612083 0.002962961792945862 2.0000000000000000e+00 2.0 2.1636364459991455   
80 320 0.35051271516914 1.97285851154389 0.002962961792945862 1.5674999952316284e+00 2.0 2.0   
81 324 0.35036070171335526 1.9811577492551575 0.002962961792945862 2.0000000000000000e+00 2.0 2.211428642272949   
82 328 0.34984443139682836 1.986452711492104 0.002962961792945862 2.0000000000000000e+00 2.0 2.0   
83 332 0.34983892479906137 1.9886895340189081 0.002962961792945862 1.9130434989929199e+00 2.0 2.0   
84 336 0.34931822785094213 2.0029916971476567 0.002962961792945862 2.0000000000000000e+00 2.0 2.0   
85 340 0.34846123115898753 2.0582908998626444 0.002962961792945862 2.0000000000000000e+00 2.0 2.1263158321380615   
86 344 0.34621207095433315 2.1000061968736365 0.002962961792945862 2.0000000000000000e+00 2.0 2.0   
87 348 0.3435446649578071 2.118055194523734 0.002962961792945862 2.0000000000000000e+00 2.0 2.0   
88 352 0.3417741977487579 2.1317985484512088 0.002962961792945862 9.5475661754608154e-01 2.0 2.0   
89 356 0.3387260658181727 2.1493777530901137 0.002962961792945862 1.5008209943771362e+00 2.0 2.0100250244140625   
90 360 0.3345801850428651 2.1557645527738076 0.002962961792945862 2.0000000000000000e+00 2.0 2.0437064170837402   
91 364 0.3297844168788982 2.1603445464021123 0.002962961792945862 1.6250000000000000e+00 2.0 2.0   
92 368 0.3265978678079785 2.170378933390274 0.002962961792945862 2.0000000000000000e+00 2.0 2.0   
93 372 0.32396036039660264 2.1694130685493245 0.002962961792945862 2.0000000000000000e+00 2.0 2.0   
94 376 0.3205086044770567 2.158065873927437 0.002962961792945862 2.0000000000000000e+00 2.0 2.119999885559082   
95 380 0.3191762379558074 2.1937190340972554 0.002962961792945862 1.8333332538604736e+00 2.0 2.0   
96 384 0.317494971340421 2.1714508057584383 0.002962961792945862 2.0000000000000000e+00 2.0 2.0   
97 388 0.31693825520793384 2.1614042669189812 0.002962961792945862 2.0000000000000000e+00 2.0 2.1600000858306885   
98 392 0.3166609181527695 2.1365382992393376 0.002962961792945862 2.0000000000000000e+00 2.0 2.0   
99 396 0.3166044907777677 2.1074618722096865 0.002962961792945862 6.7256581783294678e-01 2.0 2.0   
100 400 0.31813212663510143 2.089775349274918 0.002962961792945862 1.7843136787414551e+00 2.0 2.0   
101 404 0.32076596751939856 2.0720584343088837 0.002962961792945862 2.0000000000000000e+00 2.0 2.0   
102 408 0.32290556914566043 2.067462582873608 0.002962961792945862 1.0833278894424438e+00 2.0 2.0   
103 412 0.3239337542876151 2.0722453861691568 0.002962961792945862 8.1342130899429321e-01 2.0 2.0   
104 416 0.32440081758384026 2.0781342562808676 0.002962961792945862 2.0000000000000000e+00 2.0 2.0   
105 420 0.3256254229549893 2.093358869872711 0.002962961792945862 2.0000000000000000e+00 2.0 2.0   
106 424 0.32758032393860986 2.097709812219155 0.002962961792945862 2.0000000000000000e+00 2.4000000953674316 2.4482758045196533   
107 428 0.32906849683437767 2.09485843114254 0.002962961792945862 2.5559139251708984e-01 2.0 2.0   
108 432 0.32910216818426175 2.092980030750878 0.002962961792945862 8.1281280517578125e-01 2.0 2.0   
109 436 0.3301156148216763 2.102090132115829 0.002962961792945862 2.0000000000000000e+00 2.0 2.0   
110 440 0.33334784327494754 2.1259366330835037 0.002962961792945862 9.0967810153961182e-01 2.0 2.0   
111 444 0.33476470101110345 2.162014400583376 0.002962961792945862 2.0000000000000000e+00 2.0 2.0   
112 448 0.3353191880775001 2.2000245284665385 0.002962961792945862 2.0000000000000000e+00 2.0 2.0   
113 452 0.33613771065329573 2.2637868383103807 0.002962961792945862 2.0000000000000000e+00 2.0 2.0   
114 456 0.33724655110233803 2.2963709794143763 0.002962961792945862 7.6101362705230713e-01 2.1196579933166504 2.1342856884002686   
115 460 0.34008142553208853 2.3199792606909972 0.002962961792945862 2.0000000000000000e+00 2.0 2.0   
116 464 0.343710740997292 2.3428019758122147 0.002962961792945862 1.8549451828002930e+00 2.0 2.018314838409424   
117 468 0.3464573242838886 2.379721598377357 0.002962961792945862 2.0000000000000000e+00 2.0 2.0   
118 472 0.34902410531077643 2.4077181212627434 0.002962961792945862 2.0000000000000000e+00 2.0 2.2510344982147217   
119 476 0.35157138278210026 2.4103132853156692 0.002962961792945862 2.0000000000000000e+00 2.0 2.0   
120 480 0.355194136757714 2.390846320673675 0.002962961792945862 1.9166667461395264e+00 2.0 2.0   
121 484 0.3587124267449515 2.407748127253442 0.002962961792945862 2.0000000000000000e+00 2.0 2.0   
122 488 0.3616592906205285 2.3988215869538507 0.002962961792945862 2.0000000000000000e+00 2.0 2.0   
123 492 0.36602808142635157 2.413091860753117 0.002962961792945862 2.0000000000000000e+00 2.0 2.0   
124 496 0.36979595053578157 2.4642454088140875 0.002962961792945862 2.0000000000000000e+00 2.0 2.0   
125 500 0.37163005566517765 2.514929222192859 0.002962961792945862 2.0000000000000000e+00 2.0 2.0   
126 504 0.3741209870046703 2.548941800002487 0.002962961792945862 2.0000000000000000e+00 2.0 2.0   
127 508 0.3757307389350956 2.5651192978909316 0.002962961792945862 2.0000000000000000e+00 2.0 2.0   
128 512 0.3753732151670038 2.5587435905882776 0.002962961792945862 4.1626796126365662e-01 2.0 2.0   
129 516 0.37485289718643944 2.5141647646017486 0.002962961792945862 1.1151869297027588e+00 2.0 2.0   
130 520 0.37379464940009716 2.5094789120079417 0.002962961792945862 2.0000000000000000e+00 2.0 2.2508959770202637   
131 524 0.3742337547492288 2.4884424613637193 0.002962961792945862 4.7826087474822998e-01 2.0 2.0211639404296875   
132 528 0.37564810429766626 2.5359125321737985 0.002962961792945862 2.0000000000000000e+00 2.0 2.0   
133 532 0.37698423494262756 2.579026969044173 0.002962961792945862 2.0000000000000000e+00 2.0 2.0   
134 536 0.37798744716907023 2.577178920305832 0.002962961792945862 2.0000000000000000e+00 2.0 2.0   
135 540 0.378061924474514 2.585418284191023 0.002962961792945862 2.0000000000000000e+00 2.0 2.0   
136 544 0.37767917560741093 2.5860869462275615 0.002962961792945862 2.0000000000000000e+00 2.0 2.0   
137 548 0.37528467566007423 2.5811690641490133 0.002962961792945862 1.4921739101409912e+00 2.0 2.03367018699646   
138 552 0.3718122087790718 2.584429517191886 0.002962961792945862 2.0000000000000000e+00 2.0 2.3977272510528564   
139 556 0.36854365127593086 2.5800628098010865 0.002962961792945862 2.0000000000000000e+00 2.0 2.0   
140 560 0.36656102253532785 2.5836001937914115 0.002962961792945862 1.8502304553985596e+00 2.0 2.0   
141 564 0.3649966275866418 2.602051898344207 0.002962961792945862 2.0000000000000000e+00 2.0 2.0721004009246826   
142 568 0.3640558896874419 2.6131525162002593 0.002962961792945862 2.0000000000000000e+00 2.0 2.0   
143 572 0.36219891711561614 2.619500355084631 0.002962961792945862 2.0000000000000000e+00 2.0 2.0   
144 576 0.36086228707169177 2.615545797232464 0.002962961792945862 2.0000000000000000e+00 2.0 2.0   
145 580 0.3582979810753563 2.6227329890573037 0.002962961792945862 8.7019973993301392e-01 2.0 2.0   
146 584 0.3545004798667932 2.639033814691481 0.002962961792945862 1.0482561588287354e+00 2.0 2.0   
147 588 0.3496476689918197 2.6418572602400627 0.002962961792945862 2.0000000000000000e+00 2.0 2.0606062412261963   
148 592 0.34519900261910047 2.641928703987707 0.002962961792945862 1.8285715579986572e-01 2.0 2.0   
149 596 0.341936947405152 2.608016932486737 0.002962961792945862 1.6259341239929199e+00 2.0 2.0   
150 600 0.3388987649517011 2.611278060885522 0.002962961792945862 2.0000000000000000e+00 2.0 2.0   
151 604 0.3349345778158485 2.645478741784614 0.002962961792945862 2.0000000000000000e+00 2.0 2.0   
152 608 0.3316099973241186 2.5962788248645152 0.002962961792945862 2.0000000000000000e+00 2.0 2.0   
153 612 0.32772561072434175 2.601699568208741 0.002962961792945862 2.0000000000000000e+00 2.0 2.0   
154 616 0.3234566613211238 2.6019696486852055 0.002962961792945862 2.0000000000000000e+00 2.0 2.0   
155 620 0.3196549398569912 2.608558580648542 0.002962961792945862 2.0000000000000000e+00 2.0 2.0   
156 624 0.3171459068893655 2.605012717258286 0.002962961792945862 2.0000000000000000e+00 2.0 2.0   
157 628 0.3138334615735839 2.6070406901456207 0.002962961792945862 2.0000000000000000e+00 2.0 2.0   
158 632 0.31208125644502105 2.588977995867939 0.002962961792945862 2.0000000000000000e+00 2.0 2.0   
159 636 0.30987379917286295 2.5966459415456664 0.002962961792945862 2.0000000000000000e+00 2.107692241668701 2.130000114440918   
160 640 0.3076052235983142 2.5910061928439982 0.002962961792945862 1.6904761791229248e+00 2.0 2.0   
161 644 0.3064390158730065 2.5960147100507585 0.002962961792945862 2.0000000000000000e+00 2.0 2.0   
162 648 0.304099755442507 2.6029498141752265 0.002962961792945862 2.0000000000000000e+00 2.0 2.0   
163 652 0.3010688818367997 2.5890477980335693 0.002962961792945862 2.0000000000000000e+00 2.0 2.0193653106689453   
164 656 0.29891467056492427 2.5954242556870954 0.002962961792945862 2.0000000000000000e+00 2.0 2.3600001335144043   
165 660 0.2966166376239423 2.5972768173654996 0.002962961792945862 2.0000000000000000e+00 2.0 2.0   
166 664 0.29422052411219335 2.603573831550119 0.002962961792945862 2.0000000000000000e+00 2.0 2.0   
167 668 0.2911147443784379 2.59620805478279 0.002962961792945862 2.0000000000000000e+00 2.0 2.0381462574005127   
168 672 0.28945337489729495 2.565145061195135 0.002962961792945862 2.0000000000000000e+00 2.0 2.0   
169 676 0.2865938602763035 2.499834087982393 0.002962961792945862 1.7261905670166016e+00 2.0 2.3397436141967773   
170 680 0.2843641385752841 2.504694699122351 0.002962961792945862 2.0000000000000000e+00 2.0 2.0   
171 684 0.28325792506605496 2.493193931627069 0.002962961792945862 2.0000000000000000e+00 2.0 2.0   
172 688 0.2807931921187846 2.4839015048020148 0.002962961792945862 2.0000000000000000e+00 2.0 2.0   
173 692 0.27871719883872226 2.4840486393858745 0.002962961792945862 2.0000000000000000e+00 2.0 2.0   
174 696 0.2762469085950795 2.4840971721357215 0.002962961792945862 2.0000000000000000e+00 2.0 2.0   
175 700 0.2739145578878236 2.468170587211693 0.002962961792945862 1.9747366905212402e+00 2.0 2.0   
176 704 0.2699947069375378 2.472628830610731 0.002962961792945862 2.0000000000000000e+00 2.0 2.0   
177 708 0.2661768588892746 2.4778911731284325 0.002962961792945862 2.0000000000000000e+00 2.0 2.0   
178 712 0.26265598343573304 2.5085626468470705 0.002962961792945862 2.0000000000000000e+00 2.0 2.0   
179 716 0.25983702557615374 2.5274827968305034 0.002962961792945862 2.0000000000000000e+00 2.0 2.0   
180 720 0.2575785922153003 2.5862087104812854 0.002962961792945862 2.0000000000000000e+00 2.0 2.0   
181 724 0.25577423304079316 2.626970235643268 0.002962961792945862 2.0000000000000000e+00 2.0 2.0   
182 728 0.25412531644527986 2.661101890476274 0.002962961792945862 2.0000000000000000e+00 2.0 2.0   
183 732 0.25232119432341465 2.733432193274104 0.002962961792945862 2.0000000000000000e+00 2.0 2.0   
184 736 0.2506683511395113 2.7683374217913572 0.002962961792945862 1.5202702581882477e-01 2.0 2.0   
185 740 0.24871182297571848 2.8512818965809963 0.002962961792945862 2.0000000000000000e+00 2.0 2.0   
186 744 0.24693455426174485 2.865670221244227 0.002962961792945862 2.0000000000000000e+00 2.0 2.117647171020508   
187 748 0.24513931028834632 2.876795469593598 0.002962961792945862 2.0000000000000000e+00 2.0 2.0   
188 752 0.24288299993826906 2.889639319877311 0.002962961792945862 1.6916666030883789e+00 2.0 2.0   
189 756 0.24176818683283896 2.8964748021715416 0.002962961792945862 1.9230768680572510e+00 2.0 2.0   
190 760 0.2411415660906374 2.8928929676960697 0.002962961792945862 4.8416966199874878e-01 2.0 2.0   
191 764 0.24156357999541803 2.904839247957412 0.002962961792945862 2.0000000000000000e+00 2.0 2.0   
192 768 0.2424125692922325 2.939874365547854 0.002962961792945862 2.0000000000000000e+00 2.0 2.0   
193 772 0.24266030938410785 2.944126067338505 0.002962961792945862 2.0000000000000000e+00 2.0 2.0   
194 776 0.24322691961548745 2.9530905266170837 0.002962961792945862 2.0000000000000000e+00 2.0 2.1638646125793457   
195 780 0.24406023178196393 2.9356725871438307 0.002962961792945862 2.0000000000000000e+00 2.0 2.0   
196 784 0.24382136239460564 2.9553484665455287 0.002962961792945862 2.0000000000000000e+00 2.0 2.0   
197 788 0.24354471461150368 2.9562660214128966 0.002962961792945862 2.0000000000000000e+00 2.0 2.0   
198 792 0.2438085091186435 2.9337658330552756 0.002962961792945862 2.0000000000000000e+00 2.0 2.0   
199 796 0.24358436762203112 2.9969972034102317 0.002962961792945862 1.6248506307601929e+00 2.0 2.1000001430511475   
200 800 0.24257506817348712 3.008818398469604 0.002962961792945862 2.0000000000000000e+00 2.0 2.0   
