% # columns="iteration, evaluation, sigma, max axis length,  min axis length, all principal axes lengths  (sorted square roots of eigenvalues of C)", seed=1752487470, Mon Jul 14 03:04:36 2025
1 4 0.4646452571358928 1.0152244124399767 0.9727452515933602 1
2 8 0.44178913415416066 1.0321348666981325 0.9710561598579888 1
3 12 0.422204757835103 1.0282217795789097 0.9571645868242644 1
4 16 0.4060066169965812 1.0312254531269218 0.9520500135323028 1
5 20 0.39210512600868824 1.0468535384854385 0.9515171318273734 1
6 24 0.38276063102665514 1.0571603727725494 0.9458854828821252 1
7 28 0.37412445333672273 1.0555491546143352 0.9431163045762009 1
8 32 0.3682127987855111 1.0773321018713489 0.9279711681644541 1
9 36 0.359661366760768 1.0753091832888635 0.9086268569020475 1
10 40 0.34916430969806667 1.0792545535031768 0.9239962754083837 1
11 44 0.3432371650880684 1.0794002364315902 0.9108150946688274 1
12 48 0.3364106487715439 1.081144025988165 0.9159482864212273 1
13 52 0.3364500713724869 1.0838615964525622 0.9119213465463386 1
14 56 0.326939062403815 1.0830352792172708 0.8990731492941612 1
15 60 0.3196616565225622 1.062278273108463 0.8913706598366615 1
16 64 0.3121323696007254 1.0660716448939207 0.8894742876296866 1
17 68 0.3029265927981332 1.0672488815372045 0.8851607965999472 1
18 72 0.2962483561413143 1.0598709094928174 0.8846537729263995 1
19 76 0.2900102714481572 1.0608825240629791 0.8803451914557212 1
20 80 0.2863132130406588 1.0568557330551416 0.8730920512748116 1
21 84 0.28218617006645114 1.056534982540986 0.8720596592741214 1
22 88 0.27854179864036316 1.0551379331809025 0.856617504064541 1
23 92 0.2776710697992864 1.068785561410326 0.8607696225158736 1
24 96 0.27490744596710903 1.0836599572455081 0.8523443519295696 1
25 100 0.26618100000712946 1.0833771691184155 0.8445924197984029 1
26 104 0.2543162622897582 1.078104711732412 0.8434039047360384 1
27 108 0.24235808672578518 1.0649074810604273 0.8287687868001214 1
28 112 0.23191669710047952 1.0574903732975247 0.8203279010666231 1
29 116 0.22336033167331376 1.060203106210762 0.8203892408213458 1
30 120 0.2168151366767573 1.0573996979380924 0.816618258726804 1
31 124 0.21218533104852805 1.0576620272547008 0.8116719882971352 1
32 128 0.20938702479431112 1.093336291387815 0.8042540311205311 1
33 132 0.206856669312758 1.1321676070196223 0.7999030528266686 1
34 136 0.20720860161003327 1.1944690270586305 0.7970726372278978 1
35 140 0.206996947156027 1.2266449427756212 0.7807859098317855 1
36 144 0.20494561092491312 1.2265465599680947 0.7759584537308728 1
37 148 0.20490872597898052 1.2309295129526718 0.7699803712958169 1
38 152 0.20638712607509818 1.1991416082991058 0.7661953160165502 1
39 156 0.20595301693515683 1.2188828205936912 0.7620391150614007 1
40 160 0.20374121067661616 1.2507259456035216 0.7585191343355201 1
41 164 0.20147765452655503 1.251107090198505 0.749650157284387 1
42 168 0.19757401599262012 1.2333399131541525 0.7454576882444472 1
43 172 0.19457705248810336 1.2388387179246385 0.7405068781413002 1
44 176 0.19207760879749275 1.2201390027647645 0.7299609206470812 1
45 180 0.1899716871533897 1.2234032162048225 0.719026653056448 1
46 184 0.18747159081662076 1.2125920134557286 0.7292570911157682 1
47 188 0.18377209360853136 1.2206706137916195 0.7309618347331915 1
48 192 0.18147232759390294 1.217685004745141 0.740164861313163 1
49 196 0.18170092088743403 1.212999134127834 0.7485606125131781 1
50 200 0.18406243908638006 1.2155537497797884 0.7501514773245682 1
51 204 0.1888294863834268 1.2143866476609568 0.7467236977791967 1
52 208 0.19643192109415195 1.18996952072362 0.761969938659059 1
53 212 0.20265113936812143 1.237552003713561 0.764561029765171 1
54 216 0.21076954108583654 1.2534550550921888 0.7615212063781324 1
55 220 0.21785982518678668 1.259756272520537 0.7410889246047013 1
56 224 0.223533824363189 1.301150738437859 0.7596123895722674 1
57 228 0.22699697780278272 1.327203640391357 0.7544193687366048 1
58 232 0.22885452182625976 1.3460655908454806 0.7452450049058053 1
59 236 0.23054204169935685 1.3545451968000408 0.7459575545850872 1
60 240 0.23058680075785418 1.360017684075499 0.739254476836619 1
61 244 0.2302685190801327 1.339137875725509 0.7372665847038068 1
62 248 0.23058517475872536 1.3426822569921544 0.7349058513003432 1
63 252 0.22945702572533236 1.343806042901153 0.7296159814714321 1
64 256 0.2279116453499957 1.33800614476042 0.7319321189360946 1
65 260 0.22217644144445228 1.3247836017708874 0.7211668420651574 1
66 264 0.22054309984272139 1.3150089961602194 0.7204413673265453 1
67 268 0.22118824506592502 1.3091743025697786 0.7168476505986409 1
68 272 0.2240549744991335 1.3093881762514126 0.729049132921594 1
69 276 0.22362100316502453 1.3162657445718087 0.7199900960894304 1
70 280 0.22370245536299294 1.3194808348638996 0.7118431623165599 1
71 284 0.22109943697508108 1.3063032236595211 0.7093129401914545 1
72 288 0.21773735441087422 1.3012763142584212 0.7058926487274377 1
73 292 0.21783599132113082 1.2904876773669811 0.7079337507169902 1
74 296 0.2180291643221634 1.3002582265908689 0.7064377536378574 1
75 300 0.21603510249097038 1.3058802983185782 0.7068842502678584 1
76 304 0.21356329134316654 1.3012845818909473 0.7031192325501562 1
77 308 0.20729576614841472 1.2984337700435817 0.6989260729668443 1
78 312 0.20301424269841023 1.2866014990172396 0.6925194228157672 1
79 316 0.19858569087934283 1.270532394216606 0.6849616086227772 1
80 320 0.19371384114508355 1.2749846627258112 0.6834615595607919 1
81 324 0.1893279724031513 1.2805206808815286 0.6831503956575832 1
82 328 0.18592073050740593 1.2970937620561636 0.6749983022903653 1
83 332 0.18326943779335692 1.3301703791733783 0.676725341240698 1
84 336 0.17860997972642403 1.3368952041031785 0.6715095734746128 1
85 340 0.17315091960475806 1.3223312181264593 0.666495988900794 1
86 344 0.16871341836181608 1.3155884042848878 0.654963887602483 1
87 348 0.1663281833698514 1.3033577579142201 0.6537154821218658 1
88 352 0.16436971463679317 1.289539621755105 0.6581947914747955 1
89 356 0.16292280657794625 1.2983003400326822 0.6453824415523358 1
90 360 0.16198516314448747 1.273286487755512 0.6428463951046803 1
91 364 0.16272279949242704 1.2600024032078616 0.6435064378220317 1
92 368 0.1625554045131408 1.3001563879440154 0.6380928549449215 1
93 372 0.16085490919638867 1.2989644001680403 0.6319901618964913 1
94 376 0.1588783404491539 1.2437613401164282 0.6257040205249502 1
95 380 0.15769572866832923 1.2924611799174819 0.6180798727874438 1
96 384 0.15800528349608745 1.3089966201875973 0.621025774793267 1
97 388 0.1587135939415709 1.3140247165873393 0.6269812712305044 1
98 392 0.16006756227637872 1.3076124276884655 0.6252440065665966 1
99 396 0.16404209328378033 1.2996260573930687 0.6181835596450835 1
100 400 0.1668350482062716 1.312817260682844 0.6060031808399756 1
101 404 0.1704795863041828 1.4195173498056919 0.6296508858384611 1
102 408 0.17153618014891733 1.4902653232337382 0.6257407990754834 1
103 412 0.17547032946390825 1.6068325710142206 0.6212743061554019 1
104 416 0.17827476053098532 1.6578300875003742 0.6091994026823035 1
105 420 0.1781518533922359 1.670606290870217 0.606603727573123 1
106 424 0.17864423095788 1.6572999870865461 0.604275002832529 1
107 428 0.17889603584267577 1.67067875659586 0.6028071941582224 1
108 432 0.17803700869387235 1.6463044236645494 0.5977768129062898 1
109 436 0.1757570775763602 1.676807875353347 0.5943466316359034 1
110 440 0.1738440348540394 1.6793451688933532 0.5853588116151643 1
111 444 0.17251259554616336 1.717807773742962 0.575531940899235 1
112 448 0.1702219471653736 1.728503568864722 0.5743078242189559 1
113 452 0.1697093193631968 1.7320091587673825 0.5740405308391954 1
114 456 0.16893216281891502 1.727811967869201 0.5836942571203362 1
115 460 0.1700060681682353 1.7147720816974577 0.5864679848941841 1
116 464 0.17131706208605316 1.7246379857878036 0.5840992282302371 1
117 468 0.17618222445198778 1.6866859129169691 0.5821369278164359 1
118 472 0.1803872069524611 1.6866525368786023 0.5786632103868034 1
119 476 0.18354208437811048 1.7134951236089764 0.5789525829768599 1
120 480 0.18527203116190366 1.6920439443813486 0.5765107034376926 1
121 484 0.189133878470248 1.7838294556414214 0.5763329099084514 1
122 488 0.19302139915614808 1.886648468898846 0.5721474070161499 1
123 492 0.19727360939109892 1.943058538146104 0.5548059157077274 1
124 496 0.19952495759976815 2.0156876833974025 0.5686433378492488 1
125 500 0.1997555569050292 2.0115144116786157 0.5671173831764947 1
126 504 0.1964021169031849 2.0080543427403788 0.5628926244799445 1
127 508 0.19145975189587558 1.992874063925371 0.5613014735019929 1
128 512 0.18630936614773505 1.981431266023934 0.5567470991860758 1
129 516 0.18176560544382603 1.971752156476373 0.5535240792127739 1
130 520 0.17883806106399228 1.9352030052728495 0.5544209910458171 1
131 524 0.17573303149091105 1.9284819141191938 0.5527702085235511 1
132 528 0.1709317831613065 1.917868192785965 0.5531523050511763 1
133 532 0.16654411287212836 1.9098511175504271 0.554559078694327 1
134 536 0.1638963820026813 1.8901009412337082 0.5548998746260748 1
135 540 0.15953971204243303 1.881434741764109 0.5447240531139829 1
136 544 0.15626687771845393 1.8271927613341286 0.5495496583305162 1
137 548 0.15351624982674586 1.8649339369453728 0.5473822080971935 1
138 552 0.15041508435875686 1.8495499779996003 0.5485629720131049 1
139 556 0.1486728573295798 1.8606229900082443 0.5469061316055426 1
140 560 0.14753481923694312 1.8959825211165007 0.5353126992251832 1
141 564 0.14933284542772504 1.92902942020924 0.5408562963854651 1
142 568 0.1516405679390699 1.9461149467044796 0.5459638870703414 1
143 572 0.1550662278207199 1.9130657895578391 0.5534671615111352 1
144 576 0.1565148005748639 1.9139544454325406 0.5507845794457366 1
145 580 0.15758321224409141 1.8936299071459641 0.548860269047126 1
146 584 0.15495790223184983 1.889335525328712 0.5424861424456728 1
147 588 0.15333536143401727 1.9017348262042688 0.5418942729299466 1
148 592 0.15194974724233232 1.9210067923621232 0.5387918643173614 1
149 596 0.14872500981123832 1.93511813692248 0.5348899368761622 1
150 600 0.14769874965573232 1.95359159179882 0.5319046350488876 1
151 604 0.14613000839779422 1.9572756329794008 0.5275098268048987 1
152 608 0.14300195129715998 1.9535911520090352 0.5247525702233088 1
153 612 0.14056555230939546 1.937804187262414 0.5114594368453629 1
154 616 0.13785312805503994 1.9425109042779805 0.517429258069288 1
155 620 0.1336996458758355 1.9326643310602236 0.5115233958005251 1
156 624 0.13011002752286097 1.908745217073804 0.5162749413364824 1
157 628 0.12728044331302796 1.8979055917889371 0.5006846363610084 1
158 632 0.12550040207131577 1.894020462960449 0.5003028265726946 1
159 636 0.12478254940711578 1.8858252200536674 0.49539400981898096 1
160 640 0.12468148494906377 1.8844252143331193 0.496603360293409 1
161 644 0.12511569847892023 1.9107454128623724 0.4967842434988507 1
162 648 0.1259742296730864 1.9512929476691814 0.4964146773643667 1
163 652 0.1267308465872273 2.0081013736270625 0.4928367131016765 1
164 656 0.12845601136413073 2.0389790276926303 0.4868338185730031 1
165 660 0.12864484113186545 2.036853180232942 0.48714634596744116 1
166 664 0.12859256798854082 2.027232631460047 0.4855319412084924 1
167 668 0.12751504108521053 2.025175098619394 0.4820153833668017 1
168 672 0.12822125045424737 2.020141429769347 0.47685545312751004 1
169 676 0.12878431827405856 2.012626715977989 0.4743293098063084 1
170 680 0.1291293549165651 1.9983421790792402 0.46947667005057436 1
171 684 0.1291684878699391 1.9892661557820177 0.46898463470306423 1
172 688 0.12926668252016194 1.9783093469026831 0.4668264623964461 1
173 692 0.1301134925106027 1.9679271620822254 0.45952576108324183 1
174 696 0.13055483082438554 1.9615382184335615 0.4569584716382565 1
175 700 0.1321844384354711 1.946385267221427 0.44784767119737434 1
176 704 0.1348657073508559 1.939198598390917 0.44625720987975775 1
177 708 0.13843965283641746 1.9335316087643646 0.4429224533011357 1
178 712 0.14191476084551372 1.9159066778899203 0.4357554891275297 1
179 716 0.14451639532462812 1.9116567360585093 0.43693001452469804 1
180 720 0.1466552554446645 1.9033499303464754 0.4348548692340262 1
181 724 0.14960620537513983 1.8924505514472194 0.4320289633124697 1
182 728 0.15291195017647283 1.8837916987860626 0.42974454176167975 1
183 732 0.15434742504868657 1.877122629975004 0.4216353318264436 1
184 736 0.15499778428289795 1.8664514020067386 0.4166327338670693 1
185 740 0.15693081144532198 1.8531977726821975 0.4213236291632691 1
186 744 0.15850401808836928 1.844663182272603 0.42010906389870994 1
187 748 0.15956529989515136 1.8190074042846736 0.419575690609435 1
188 752 0.15901167024817858 1.8243248743390397 0.4168917456384217 1
189 756 0.16013730468164872 1.800860964750321 0.4114395886963855 1
190 760 0.16018609724906208 1.8074609301957427 0.40899343812360694 1
191 764 0.1584440219719581 1.7962753738336092 0.4070365820149851 1
192 768 0.15607403345746731 1.7869834450712057 0.4018410493779839 1
193 772 0.15325712409635128 1.7763193283409744 0.40071072187501106 1
194 776 0.15030468932971017 1.7627853368474535 0.40095435712867794 1
195 780 0.14465595256798677 1.755530908736919 0.40314330547719607 1
196 784 0.14156778794520553 1.750535286446471 0.4006513837612357 1
197 788 0.13774935221699447 1.7378065008295662 0.399897077557664 1
198 792 0.13337029949660653 1.721429355988966 0.39568587166617764 1
199 796 0.12936929223313448 1.7068634505203542 0.39521115945025265 1
200 800 0.12342662416837015 1.7020511368312325 0.3932510058157356 1
