% # columns="iteration, evaluation, sigma, void, void,  stds==sigma*sigma_vec.scaling*sqrt(diag(C))", seed=1752488073, Mon Jul 14 03:14:38 2025, <python>{}</python>
1 4 0.4532141562534133 0 0 0.4479966732844207 0.4351949254137842 0.45196118514211686 0.44780269691295715 0.47199179204741554 0.44602748708946527 0.4356476998653155 0.4455581275999036 0.43692069721666515 0.46282428549719135 0.4461558252226347 0.4455469527810342
2 8 0.4624361063139268 0 0 0.447805672083759 0.5078756211848511 0.44131449412928797 0.45093909590303044 0.5055845269355026 0.43736344840162844 0.470714686462491 0.4529991345507181 0.4667052796348837 0.47047710482634797 0.45358048502328496 0.4615450660332894
3 12 0.5206021349131323 0 0 0.5068124982198633 0.5838669862719543 0.49638515506713177 0.5208101183668024 0.5844753316314865 0.4823207078926685 0.5410120670033791 0.5058231719292251 0.5213309951705669 0.5275582190757395 0.5054007215205271 0.5242600369114141
4 16 0.5304479309703586 0 0 0.5063698025122565 0.6056498508057871 0.4982095960567901 0.5197090052212615 0.5854877337850883 0.50025314507223 0.5252516219240139 0.5365458779347412 0.5255704062957242 0.5302803736262609 0.5107903466637251 0.5285037396725302
5 20 0.5132865298079323 0 0 0.4858097606535313 0.5763636266435226 0.47390091098737924 0.4946460159097868 0.5580417964826925 0.47817159678186766 0.5057360470036497 0.5375351900375143 0.5114068544983492 0.49884311469866793 0.49150814770312096 0.5045220834874422
6 24 0.5008604736612315 0 0 0.4604209717129315 0.5702562185323837 0.4573467657423218 0.46529575644024185 0.5439304054264711 0.46034836439177057 0.5168854990284126 0.5328387726560448 0.5347802510119994 0.47556140995598023 0.47555074558686844 0.48539933154653614
7 28 0.509278476338902 0 0 0.46837177865233476 0.5893910621702516 0.4562458891815567 0.4969800430544499 0.5473669860108206 0.4601026435548945 0.560211793063696 0.530224567946043 0.5608884715799922 0.4795577115380135 0.47541466904797675 0.4796695771063607
8 32 0.5147419951245883 0 0 0.4634047518667623 0.6086331801134899 0.46016712581557784 0.5214566085594039 0.5451571408024781 0.47311226820898544 0.5514464201034323 0.526688057555162 0.5667954234735082 0.47757473492184255 0.487313942691851 0.4757382206810165
9 36 0.5160612119421559 0 0 0.4606307776856794 0.6043939874100712 0.4544027488905771 0.5578381790449122 0.539551992221862 0.4990649755040273 0.5451350684490558 0.520957754654808 0.5640753607904138 0.47701037576071825 0.48821301499453307 0.4694303190993297
10 40 0.49079158165331166 0 0 0.43049239057162475 0.6009250283813895 0.4289550942251467 0.5216945199462699 0.5036688589941322 0.4630727029556948 0.5126566510844365 0.490370661511749 0.5287136020096689 0.4601061248689 0.4585383442430663 0.42726691953172
11 44 0.47558301288611105 0 0 0.41174490572679684 0.602306080645621 0.4397519020862225 0.5001978390965335 0.4818019439689597 0.4532805387832387 0.49010065451461404 0.46076800441996335 0.5000541285475217 0.44358101286425555 0.44102679959190927 0.44319021527237645
12 48 0.42466047387933226 0 0 0.36297792002614654 0.5360230667863022 0.39041873139068545 0.43752829637162394 0.4243189340976143 0.39436052932152876 0.43030166351318466 0.4141572821741283 0.4480421290680671 0.3809855861103605 0.38920356990471444 0.3930857312317727
13 52 0.392968088415853 0 0 0.3302233038552104 0.48546822235343445 0.3573740432438687 0.3966723807745986 0.38064576457723986 0.35936596708358337 0.3944427496377695 0.37627387249408917 0.4091757146132492 0.34623942565192467 0.35949562264118445 0.3782753569645774
14 56 0.3956662899242162 0 0 0.32760981409301515 0.4749560994071797 0.353375744032406 0.3973916844139478 0.38058589832953843 0.35607164196533353 0.3984440966724964 0.3830323665621268 0.44507301395221466 0.3515665521115068 0.3452547882343224 0.42990019101663285
15 60 0.39155083004042185 0 0 0.31167992751990037 0.46735508425990985 0.34294051895986444 0.38321988170652427 0.3719081801847465 0.3509387524287547 0.3967141431208105 0.3845076135769095 0.4397927255713396 0.34248208794200696 0.35199883686406247 0.41486024510915437
16 64 0.40453866634305446 0 0 0.3289095788366372 0.47751183480236425 0.34797674983088445 0.38378795960631873 0.3747668607547404 0.3468571510567372 0.42740392852988257 0.3967915110440704 0.45476786450853235 0.348930242832435 0.3672915478899444 0.47312726156349744
17 68 0.38279829225731205 0 0 0.3052021420110713 0.4477401288752969 0.3247891717273314 0.35894041174392877 0.3541636977049729 0.3186360358406443 0.4106583740927316 0.3722804429322059 0.4196488905591368 0.3227746204105566 0.3553093658589468 0.4111550737409801
18 72 0.37251957227814175 0 0 0.2907608471245932 0.4336952563920627 0.30824038468352 0.33963120194324803 0.34378707342741094 0.3099193532969718 0.3829416839934338 0.35761771957843375 0.403236864317595 0.31236462560981865 0.34074160187321695 0.42669179866070533
19 76 0.35626342008184025 0 0 0.27547667994650044 0.40723703195545524 0.2957084710523238 0.31557058385360803 0.3301041389564498 0.29228228721542276 0.36613898102427905 0.3358163623106298 0.3866611279905378 0.30420648369203096 0.314262263046507 0.41518198478365287
20 80 0.35013689967657374 0 0 0.2645807053500147 0.3867100557430885 0.2841392686854456 0.31564627524431904 0.3321669081579888 0.2833598051520482 0.35807057959913574 0.3307277837072087 0.37910347473239825 0.30062218534068486 0.3207232575241057 0.40518546853395404
21 84 0.33976240315569195 0 0 0.2556959798198461 0.39315180750354384 0.2695531996411159 0.3041403256037674 0.3217659789466115 0.2720900790975409 0.33615447249343705 0.31623740684266355 0.3623675067338406 0.2846953546943658 0.3101655665875109 0.38812014053772487
22 88 0.32950903999994613 0 0 0.2475944387968473 0.3874332570547317 0.252270963361924 0.29094403490582477 0.30724969652760425 0.26060708914900454 0.31808544516863496 0.30110159808258935 0.34829967983146287 0.2723006634353776 0.28961260741966943 0.39746696174151164
23 92 0.35574529288404694 0 0 0.26373751588624833 0.41235408791174843 0.29335894408365415 0.31136868546940133 0.32166697909826114 0.27661328667056034 0.4047378122855006 0.32022291518564505 0.37547109008754714 0.28987175078237126 0.3318099811991759 0.4660097524135419
24 96 0.3571778668619105 0 0 0.2596833461929535 0.41244574567069725 0.3139214927502165 0.3081734834038944 0.3206679280630556 0.27384585630247743 0.40744333500574775 0.3169844619693569 0.3719303091781831 0.2870008479458708 0.32961408235047784 0.4806812733297228
25 100 0.32935118006530517 0 0 0.23554631913455337 0.37343655869831655 0.2839267607848168 0.2796345951626097 0.29130230792035894 0.24892115369832887 0.35886219461403107 0.2879432872671446 0.3361100412656484 0.2608461712353877 0.30506624735367815 0.45570379368681213
26 104 0.3038747880215304 0 0 0.2151080826322865 0.34894002514980804 0.2568513513697725 0.2538235649735483 0.2634451915177411 0.2370077727140633 0.32392356989798904 0.26263923823344154 0.30453632942559755 0.23494695439304125 0.2754867119589785 0.4131452229037859
27 108 0.28647837426722855 0 0 0.19981176063391623 0.3241590379054045 0.23879478917530567 0.2363007309617877 0.24126799105484165 0.2357444711353072 0.3017610073399556 0.24287955827611407 0.2817415885454143 0.2084672360567792 0.26028948960321924 0.3771855960020462
28 112 0.27213577312469417 0 0 0.18763588190843558 0.29907451724311224 0.21982067545192976 0.21785524740285167 0.22868295023096671 0.23272265942564943 0.2822247989201598 0.2282169008315376 0.2588386625697379 0.1978460923604639 0.24901689051445963 0.35374649050518286
29 116 0.26384452893104493 0 0 0.1788468032588502 0.29243682808625343 0.2181577633916079 0.21295879200583787 0.22120616930648723 0.22910350764662893 0.26219590768405926 0.2175393554179335 0.25349972134114623 0.19180464802358932 0.23522771189265196 0.33956860731525573
30 120 0.2688391038009534 0 0 0.17786545425652006 0.30086353144772915 0.22867614818734952 0.21544786945534614 0.21793792821684335 0.24231398940134463 0.27457272578286634 0.2193043804138146 0.2599926996715819 0.20945290817886392 0.2359145610365322 0.3412660396736983
31 124 0.2688379892640669 0 0 0.18039285665738153 0.29860479044779564 0.22730194840656837 0.21304251692257084 0.2205485444493486 0.2465764023932287 0.2796751198010697 0.21385999264189873 0.2534924648893471 0.21141032761806486 0.2359940820746692 0.33989319660625017
32 128 0.26521773503272056 0 0 0.1740450817123867 0.2915933785747627 0.22181556865830585 0.20714064096760218 0.2180967764789036 0.24240920918034958 0.28299796695163754 0.20998251154106726 0.24418933164969467 0.20634966926716214 0.2274855662780363 0.3364344182762884
33 132 0.2782392001440367 0 0 0.19643707402956168 0.2995886992063135 0.23436472279442266 0.21651210277648833 0.2468012106188557 0.25111392649593617 0.2874922615642111 0.21844433909156516 0.24388758033225263 0.21658443275040762 0.23512464280187637 0.35836289784349823
34 136 0.3049550562080773 0 0 0.2166713963697335 0.3324120439621871 0.2520384529168031 0.23329337400013922 0.2654724693718198 0.2932943641731866 0.35449875353932064 0.23659776769923957 0.265586759608804 0.24194321198849283 0.254181867125551 0.4096987072193029
35 140 0.3202650255988527 0 0 0.24327585669747015 0.3439456299138466 0.2619510520575089 0.2380605709374259 0.2759420846034822 0.31536320869971374 0.3720672619798614 0.24394415212112944 0.27626497270660755 0.2586796029630881 0.26763828072985957 0.43253136355334454
36 144 0.32909438218199216 0 0 0.25434630035512473 0.34898917859062845 0.2739276716700062 0.2413079114387337 0.26773598161568263 0.3202550457412549 0.39525466874148873 0.25517210892966463 0.2790251261726549 0.2727014128439586 0.27517752771853016 0.4596852550443767
37 148 0.3227224878308401 0 0 0.2508479208670208 0.34185896948093075 0.26554968791526223 0.2326867888941225 0.2686802388973046 0.3046616667464753 0.38685374449543164 0.24727886517673994 0.2695630448839454 0.26049834313240317 0.2651486433045518 0.4684164407650932
38 152 0.3046882021591292 0 0 0.2346730533941454 0.3160888856817528 0.23996586583047883 0.21522572857598657 0.2499384604439271 0.28806509044449824 0.3544953054141828 0.22763433034272404 0.24475958365907793 0.23899346902524143 0.24501916100872917 0.4494820929623492
39 156 0.2912766068634284 0 0 0.2198195800537075 0.29750761955348554 0.2300554595631677 0.2017926186447447 0.23470556070997986 0.27386943548613574 0.33095297626450554 0.22544259885510748 0.23328737573826352 0.22554793902918577 0.2325816506891818 0.4303975810161586
40 160 0.2724497769568287 0 0 0.20717485772242208 0.2720124691979944 0.21229416247620908 0.18739271368787339 0.21721539274367177 0.25463197021261547 0.3061785518492352 0.206832536924145 0.21792039290479567 0.20714994619710603 0.21177086512305882 0.3985434812679259
41 164 0.27302996615897435 0 0 0.20903619289395775 0.26771285663083166 0.20795439227700355 0.18602249114579633 0.2268839429382531 0.25652782650292877 0.33073509932885725 0.2158327111843065 0.2128345526860631 0.20324621445355556 0.21428696547746395 0.40626534840782635
42 168 0.2660985961222014 0 0 0.20092593711346501 0.25596420043525014 0.19881700142988368 0.18307702421546398 0.2200212915876418 0.24785675253808384 0.33605252099363936 0.20845347952618537 0.20735376144299875 0.1957749692833242 0.20992692243018563 0.39809366502335125
43 172 0.25459447345952907 0 0 0.18984714267137015 0.241934871211998 0.18752952774993611 0.17337109843103776 0.21454759826395817 0.23381899083769409 0.33136818845874216 0.19679102066968338 0.19950172616056472 0.18365154725209992 0.19609895914687525 0.37887827857880346
44 176 0.23524460931738075 0 0 0.1718145819344051 0.22080921366145337 0.17098806455023 0.1564398829282636 0.1963881545175253 0.2086596523450489 0.30465793681286596 0.17989300845122091 0.1808550239741354 0.16651975010036862 0.18511625367596285 0.35038488792118155
45 180 0.21614711935145017 0 0 0.15710178186885543 0.1989132210576272 0.15570334854749096 0.14157554894808108 0.17766871459344 0.1982073707410624 0.2836630829610088 0.16085352367152939 0.16540513557347775 0.15311695483817359 0.173522305959045 0.30118829818448406
46 184 0.19661430740926988 0 0 0.14163384064766524 0.1800087911441436 0.1398986717224906 0.12839798114687573 0.15894733003289907 0.180148688486002 0.25434531871881566 0.14330796234948465 0.1485500397158205 0.13849194319450475 0.14584952889763633 0.28342807334029196
47 188 0.18683548854901644 0 0 0.1345467133792172 0.17335779020362502 0.13098353127357523 0.11906337416612531 0.14854922850112992 0.16924390980047382 0.23395784563295505 0.13334819712451074 0.1386403480636433 0.13056897309585358 0.1463247970654643 0.27183115072165676
48 192 0.17459287396965664 0 0 0.1203297227683857 0.16169850565287852 0.12029818427089803 0.11528512473674907 0.13561791757771363 0.15622358087586624 0.22067981523945615 0.12192547096357567 0.12796765476311522 0.12012376650858952 0.13386746221746548 0.2514559859450628
49 196 0.17529839638047962 0 0 0.12598230301974608 0.16719750041101525 0.11893580409687768 0.11197355849684612 0.13766732653628874 0.1524166531121032 0.21976070769907377 0.1277508606104227 0.1288111565138083 0.1203322212207689 0.142324885877825 0.24930631109102758
50 200 0.17692608649774727 0 0 0.12572250524716144 0.1677092069136539 0.11805066449796967 0.12184588820356987 0.1327788489055967 0.15046593893920931 0.21976266421306595 0.12817603275603984 0.13210724104401653 0.1207296698872617 0.1441972366458848 0.24580243563749565
51 204 0.180270130878238 0 0 0.12606851586315118 0.16691391681860152 0.1196128338661627 0.12740411585699482 0.14019321169734733 0.1557121131558844 0.22595528545014293 0.12910939595998797 0.13257522918878145 0.12346606585830064 0.14520724758117518 0.24391772645208695
52 208 0.18338522858149 0 0 0.12790177397746189 0.16712299312229176 0.12328034825142443 0.13046018095075257 0.14965402265366418 0.15702583436781983 0.23529550625887888 0.13258698291654927 0.13482575759345772 0.12368980028823465 0.1449955751223935 0.24490576139064046
53 212 0.18411478152150262 0 0 0.1266793444857554 0.1654694554017051 0.12613693321834438 0.1349358208136145 0.14948929652976264 0.15401572410243466 0.23735052202420223 0.1319509264293431 0.14163088642375724 0.12091901313607384 0.1482385751054159 0.2412989294972784
54 216 0.1814866125942452 0 0 0.12265552401540185 0.1625503328308309 0.12365008950050481 0.13131966306765114 0.14473471979991262 0.15086974269451742 0.24479018661018934 0.12829450218251914 0.13928161781224496 0.11871728921256115 0.1447252127241847 0.2396283179286972
55 220 0.1744318259390928 0 0 0.11748417171165078 0.1552002167009108 0.11189467722347118 0.12300879633868206 0.1368798358225374 0.1424839409277577 0.23920576092193976 0.11910780232755744 0.13746752728721218 0.11170728415290346 0.13676467846318036 0.2265056425932555
56 224 0.18432895528454282 0 0 0.12374007609403614 0.16041968577957227 0.11704789071302124 0.12933968603734297 0.14378284873582048 0.15169266580061128 0.2946642259220629 0.13631077053023585 0.1448798942432554 0.11541724279496579 0.14496537318369881 0.2418765028711278
57 228 0.17852783881547662 0 0 0.11696107168286146 0.15254613959768407 0.11230310291427259 0.12343181683717944 0.13611341041260971 0.1452224006943622 0.28812940627496003 0.1364355742324787 0.1383478661693787 0.10928670906358497 0.13952526220860229 0.2321227715935156
58 232 0.18357499151773515 0 0 0.12819492180468134 0.15840762891096252 0.11508084760876389 0.1241665082461724 0.149337895635679 0.15245783202501012 0.2869023995680198 0.13868590415935778 0.14223287033173748 0.11397114040375264 0.14516501800852089 0.23867778699833694
59 236 0.18281267003927643 0 0 0.12883392865987262 0.17558379897219525 0.11418981585019455 0.12170742292439259 0.15000167747233614 0.14966846259805988 0.28319961772952196 0.13725271444053438 0.13964989996566685 0.11186134173840331 0.14280493334977598 0.23635382089179052
60 240 0.17738235829639512 0 0 0.1273743486959951 0.18113885240859334 0.10925574615278369 0.11767416181504796 0.14309726900093292 0.14641978416519708 0.27344405608927463 0.13210375144238692 0.13509261756984728 0.10527542905871039 0.13710514234493398 0.22656168612072275
61 244 0.16919930537437675 0 0 0.12056846328291307 0.1720883145018499 0.10420265950138016 0.10992365825520481 0.1394944522526955 0.13902657201533541 0.2582235634637792 0.12359383556411349 0.12059039553379723 0.10156883021035944 0.12980383943747945 0.21369924471066923
62 248 0.15459658950790583 0 0 0.10311994487513222 0.15525210226838687 0.09433807732229678 0.09941895987979207 0.12591508576048865 0.12523996482203262 0.23017618011866423 0.11205746313066317 0.11523275766857607 0.09176176185071154 0.1134094482169162 0.19245941569621244
63 252 0.1527275889421265 0 0 0.10932582865336947 0.15117364785737797 0.09200077724412886 0.09644316280605474 0.12404531891181088 0.12092906964599569 0.23214246956004542 0.1075789244847515 0.117094182903528 0.08862804946150105 0.11352905120335183 0.18792416656706454
64 256 0.14011380046645652 0 0 0.09653812656400979 0.1370991644621583 0.08185072074025943 0.08729775711112572 0.11339100775230757 0.10905146001072095 0.21254088682519054 0.09854021578863954 0.1068416158473225 0.0809235559106701 0.10450649807078047 0.17018779240033458
65 260 0.1316551491677822 0 0 0.09537727610215664 0.12904713968053833 0.07643251633664852 0.08000576067416686 0.10412436328778087 0.09919955801131036 0.1950998588112288 0.089302486072703 0.0991632428229013 0.07454810226786505 0.09475834936550606 0.15913888264136775
66 264 0.13736880859237138 0 0 0.09860847950361283 0.14249967779529985 0.07900132264983663 0.08478085349728194 0.10988927360149324 0.10201962176924817 0.20033008347384193 0.10638426332633638 0.10301326640587356 0.08209436369222188 0.09754946214537065 0.16180913692208565
67 268 0.14203201776239516 0 0 0.0990350727462317 0.16371270160873028 0.08059540528973848 0.08755864963379717 0.11345972997717797 0.10432578058066111 0.2098473044508622 0.11491039063455577 0.1068779045978468 0.08450873353259228 0.09834155267126446 0.16935561478167455
68 272 0.14038756237116345 0 0 0.09759808040466814 0.16454234354709932 0.07842692427425865 0.08536106088648002 0.11051102202245949 0.10135405206161531 0.21325747545698218 0.11370973337153183 0.10568974891778637 0.08198863200260068 0.09651693509559095 0.16349288292182929
69 276 0.12637265388285052 0 0 0.08643140566182325 0.145350960965049 0.06949279073791056 0.07563528901222485 0.09627291968245205 0.08867554985294025 0.19053129523554263 0.10132188309379586 0.0939744025759773 0.07204041464026541 0.08759259867653611 0.14545287782916155
70 280 0.12221891162949079 0 0 0.08614260753564336 0.1442801613147322 0.06553380799700194 0.07425606010987373 0.0895167018647877 0.08389257954614554 0.18212647098689747 0.0960495338005639 0.08913068115798113 0.06881832106044858 0.08905387492641398 0.13792354172823454
71 284 0.12301723363311005 0 0 0.08610446698192914 0.14419167835266575 0.06709542907071533 0.07462574650757554 0.09635663322573874 0.08727107246072749 0.17847511193955531 0.09811050991747224 0.0877104517725586 0.06835472366108916 0.09693759704939536 0.13911712002735613
72 288 0.13304717217600484 0 0 0.09171271471817177 0.15286037312248124 0.07989575674691378 0.08004840503321595 0.11007185099459628 0.09411013202916546 0.1937283344204049 0.10858760694056542 0.09396487482916258 0.0723082686701284 0.11915140334806695 0.14757536309795397
73 292 0.1373674571448236 0 0 0.09343993151485773 0.15857502618164004 0.08578026433569612 0.08194459110885963 0.11405673556114578 0.09566131064279695 0.20634878704458862 0.11217245193526339 0.0967142128179064 0.07396908780778194 0.12848131593290202 0.15473319909423425
74 296 0.14306225670631728 0 0 0.09611413995675798 0.16198744356077335 0.09296532718896948 0.08428701311812983 0.11736300794067994 0.09876622262748544 0.21123648626295483 0.11503982760980462 0.09924466047008962 0.07220404058207854 0.14993554152229338 0.16222513767187208
75 300 0.1508976435099251 0 0 0.09997250841233883 0.17255941536983402 0.09974504554068858 0.0873622378351741 0.12380990967142357 0.10727626581038512 0.2191123932476349 0.12957439059532305 0.10723289011096022 0.0761947746961881 0.16414388991862092 0.1714181741033102
76 304 0.1613506655884453 0 0 0.10744452540545063 0.18920528656464086 0.10775908342000691 0.09265992439893173 0.13200667462423366 0.12067632598326504 0.22929239836143475 0.1429630568759593 0.11374889695161035 0.08068313181358405 0.17247452385328546 0.1926127137510069
77 308 0.1719067269953403 0 0 0.11351163420538253 0.20414110515536146 0.11423970636244998 0.09698262776934997 0.13962686715065997 0.13249767127387188 0.24030606313807806 0.1504666179304375 0.1320929490559258 0.08585593126977474 0.1860617930895726 0.22997717222331
78 312 0.17271864460457245 0 0 0.11156350198160582 0.2060169840456027 0.11349843238194758 0.09641499264967028 0.1376341898254194 0.1314552099272188 0.2376843251681624 0.1496856880902409 0.13727169673728035 0.08457455331992705 0.19808956712194536 0.2364525017105367
79 316 0.1605681019795376 0 0 0.10102836007863654 0.18845033310352885 0.1046721093735282 0.08793687450960998 0.1259600002670452 0.12092567838718703 0.21876321357478226 0.13337147444329892 0.12987993826425942 0.07877201742198882 0.18663531045830392 0.21835360890731514
80 320 0.15803181647499204 0 0 0.09805142140065369 0.18245946575403296 0.10227234268628103 0.0868155606670015 0.11906387510934621 0.1153198210208897 0.21018970697426145 0.13779118898951997 0.13431377026319044 0.07723446764816677 0.17978334050171657 0.21033276092068043
81 324 0.15893622339989874 0 0 0.09646264708812657 0.18455111538037167 0.10613003399116025 0.08429105046940157 0.11876185997429423 0.11499111123575385 0.2090370520901704 0.14430356528506882 0.13992678326018088 0.07801803524417159 0.17977282262652233 0.20828657869964398
82 328 0.164818117234191 0 0 0.10056312170428902 0.19038998850086403 0.11118891143352493 0.0877658568149283 0.12124289511558405 0.12590077983595205 0.21147920454901872 0.16836822911470525 0.14929598229788507 0.07996173435383797 0.1843844492445901 0.2128250683284676
83 332 0.16124631169918835 0 0 0.09840061950198867 0.18524657243351705 0.11034409226811166 0.08379063038816487 0.11741421529489578 0.12365324013747479 0.20666579206756525 0.16716462545812386 0.14567617080817044 0.07675577157538542 0.17833105305695982 0.20672847702531694
84 336 0.14798757080819228 0 0 0.08981342356528922 0.1681146184372577 0.10116493801308056 0.07701981755391285 0.1065247148043084 0.11208443037748582 0.18895962791052562 0.15182809309402184 0.13181751385037788 0.06846285526865994 0.1581691412692478 0.189129818309087
85 340 0.14374023259852686 0 0 0.08557047408847965 0.1603864907717636 0.0953258928324753 0.07518286561762622 0.10312644991870239 0.10736196422063292 0.17717374099182895 0.1446874359743346 0.13432838083109533 0.06760413828088079 0.15746784386103763 0.17951500803250872
86 344 0.14939797052735304 0 0 0.08770766853135052 0.16367350717759047 0.09778246872930609 0.07722824175946069 0.1108886733525847 0.10965027565977341 0.18301803245757353 0.15734868245604897 0.15357177556134582 0.0693786288265222 0.1675322573847888 0.18344199610284687
87 348 0.1419729744536672 0 0 0.08397785994486814 0.15194210991187176 0.0918817025022034 0.07193234439702023 0.10370462291076624 0.1009786856163506 0.175157430270756 0.1484842973252193 0.14732105785678956 0.06461724941317314 0.15533832358298477 0.1719189918410071
88 352 0.14414392539686655 0 0 0.08821471566913774 0.1564785366516283 0.09214020074667788 0.07291369188731679 0.10411251638597088 0.1051445350548946 0.18548982263523733 0.1480458210530316 0.15155177618298152 0.0662296017437981 0.16166887825150786 0.17329596025915064
89 356 0.1384030557806851 0 0 0.08567347591722169 0.15084447920542068 0.08628410041705031 0.06888205280340452 0.09844920262271276 0.09727178238935294 0.17396280150297805 0.14190283535363493 0.14512557791775538 0.06323506543703938 0.15501297880074982 0.16603992265794815
90 360 0.1416301327479453 0 0 0.08518599222901127 0.1783209308954921 0.08755463893004922 0.07470344462801339 0.09828874831494497 0.10072271197356632 0.18846608356636882 0.14457770605613415 0.1464560138046356 0.06320756879353796 0.1722618416162337 0.16338112307447736
91 364 0.13420394845916617 0 0 0.07971311909624017 0.17362229557429618 0.08179463955062836 0.07065985912854533 0.0912874762094095 0.09045642689045871 0.1765472140411404 0.1307538872643137 0.13708404641035873 0.05996945143487948 0.16271400238731548 0.1599954949128558
92 368 0.13487370508182833 0 0 0.07878332285617531 0.17441830856543258 0.0805455543972674 0.07175216946190839 0.09408734052764768 0.09668251814256028 0.17423691001070085 0.13822398407734807 0.1349399098997097 0.058485476249349924 0.1684257549736784 0.1610314548829347
93 372 0.13848617749584596 0 0 0.07939353801555045 0.17915289530028447 0.08506394185368164 0.07287466100045048 0.09640038670220716 0.0996027399604906 0.17937670211569792 0.14889673218776728 0.1358734910027283 0.06080341096096562 0.16937999100748727 0.16293420072645368
94 376 0.13195082072321887 0 0 0.07657286539144446 0.17023614086651342 0.08316327397423723 0.06835631119862724 0.09067291873938291 0.09372815093317095 0.17069986124160844 0.13563435497765686 0.12805761129036672 0.05765908811498948 0.16520508417282878 0.1523304442896016
95 380 0.12262204724271869 0 0 0.07053755234664925 0.1561872925398193 0.07710832397650672 0.06137170703038025 0.08352606739585873 0.08744078357031525 0.15439818585521983 0.1236038247288056 0.11774685287341938 0.05288947293694098 0.15389232688152016 0.13847869626233428
96 384 0.11902769960866821 0 0 0.0677358116023972 0.1492915683135479 0.07444442308093818 0.059433299088708 0.08002325989262112 0.08372844619715002 0.1488055230207099 0.12514959646773227 0.11246852736781225 0.05169846240654219 0.14883895928281024 0.13080012075757377
97 388 0.1142454220019278 0 0 0.06411176284195012 0.13973751303743384 0.07050820568159008 0.05712839329708701 0.0757023299015974 0.07936585238964189 0.1404471102317694 0.13072861355704338 0.10718539008233934 0.04750768896560574 0.14039866382652605 0.12367517702102035
98 392 0.1059057442601192 0 0 0.05909095634676323 0.12799254544591146 0.06420040776485876 0.052133922436568884 0.06927497259953012 0.07311576048915364 0.12739693996790868 0.11969326984604022 0.09614178354211866 0.045338860496983 0.13360475988053735 0.11441005013548478
99 396 0.09838439458276721 0 0 0.05531921735768094 0.11736092068148384 0.0598190829237424 0.04728120037052255 0.06317009424304139 0.06718063597256717 0.1201447073704234 0.11048973873053097 0.09209262314438173 0.04150211703470543 0.1238966921636851 0.1059831121317571
100 400 0.09151377366577745 0 0 0.05196678132868337 0.10776422063197842 0.054720943128646664 0.0437734168808526 0.05863067355833754 0.060285329089194734 0.11058114709909085 0.1010273144507909 0.08492341002301623 0.03823778856064382 0.11548398046996729 0.09773200576428671
101 404 0.08523223807572697 0 0 0.04796396255331662 0.09808749744073354 0.05035322696648696 0.040506367384826006 0.05387768414379379 0.05822135738811555 0.1022482156618231 0.09366681747615312 0.07840365301630663 0.03482186702741905 0.10624636497452061 0.09175774173636084
102 408 0.07981208574313471 0 0 0.04427565290241916 0.09040670975556639 0.04526959363454194 0.03754337731652122 0.050239695568309525 0.05440990106222302 0.09635358285578785 0.08702457701181714 0.07233092516113229 0.032785567094148586 0.09826446390067614 0.08537520886185224
103 412 0.07326733809920725 0 0 0.03999799318206021 0.08229455763333661 0.04201711603464349 0.033796606226884185 0.04564924579079884 0.049653060080123636 0.08693394176336516 0.07729394942767095 0.065327460311046 0.02995662245643868 0.08881327603983888 0.07784645847253167
104 416 0.06970345912198113 0 0 0.03781539668569623 0.07849167619321532 0.03911418386812292 0.03129410464114571 0.04265627797612419 0.04720642451562578 0.0799428352121669 0.07103385612085945 0.06439360394478358 0.0287579024675797 0.08344790533908623 0.07302508636609513
105 420 0.06237296821037184 0 0 0.03333708921669265 0.06951871187850504 0.034921648758490374 0.027975821316651456 0.03784517381076372 0.04141814832240336 0.07156689095669029 0.06376851414242818 0.05651637829002731 0.025443545246528608 0.07327886110598042 0.06504967465997404
106 424 0.05937236262860515 0 0 0.03128235223278686 0.06544221052444427 0.03255050440613122 0.02772958416154278 0.03569054862753608 0.04013683880825303 0.0670642364192433 0.06152029406306592 0.051038293114586575 0.023821239430574757 0.07016395133845355 0.06098236595845743
107 428 0.05758446232499051 0 0 0.02966690673358775 0.06272109555733778 0.03132952928530349 0.026574251166916613 0.03398456195566054 0.03951877793018296 0.06467120443929812 0.0620971711855103 0.052226243636933005 0.022904493138639532 0.06674324809577334 0.05938861631194855
108 432 0.054769458135260074 0 0 0.02759167756389604 0.05969343950195985 0.029644946900955944 0.025040806501685296 0.031893902722708825 0.037249262758204116 0.059736562346153856 0.06014553998213386 0.04886990739257842 0.021854060464313128 0.06302824409325472 0.0575117858959297
109 436 0.053580265261315776 0 0 0.02736930792678681 0.05742715536767388 0.028542288969400413 0.024224995976232386 0.030949231295858692 0.0359642935239609 0.057291335793939455 0.06094561474320965 0.047702788721661143 0.022047550673450367 0.06103038562663555 0.05652895650791598
110 440 0.053876029636726816 0 0 0.02739051731473001 0.05819258332771303 0.02845440856529841 0.02496017460825207 0.030008938339237873 0.03749565365147399 0.056803026751832235 0.059986731713161295 0.047420030356589135 0.023141978545157052 0.060645073463537376 0.057732253270952646
111 444 0.05540312693581293 0 0 0.028305487393141066 0.060703707296365504 0.029777007602119005 0.025430798092562986 0.03186328931113059 0.040261164723753955 0.05715660663141303 0.06780317323750511 0.04819485600746701 0.023559310497304357 0.06260616547356586 0.05937600450690033
112 448 0.056371350005702384 0 0 0.027962188098658153 0.06084953304906626 0.029949655182275086 0.02556413414819257 0.032040127552995436 0.043728968006297345 0.059504168504393044 0.0709819089216994 0.047098216589728445 0.02397958118347594 0.05858195719335707 0.06074782909695067
113 452 0.05632420373562542 0 0 0.027867761549029053 0.05976980644620632 0.02939325738074675 0.025199743907252048 0.03202876298687503 0.04584036586530804 0.059412460203243186 0.0715595596411883 0.046442350318628825 0.023902582356610004 0.05892227276212238 0.06006236848589359
114 456 0.05829530476757644 0 0 0.03373019610016343 0.06149488444541222 0.029780572396740045 0.025643663336632858 0.03229207548240087 0.04611785245046082 0.060815081009110435 0.07471346469245616 0.04754940511403029 0.02445323251147866 0.06043613316167067 0.06183373032874232
115 460 0.0584998133350872 0 0 0.03574547765578317 0.060538549758919175 0.02923211830243787 0.026188150150690738 0.03261379690760662 0.045884767090544 0.05874651930720748 0.0730831296689504 0.04765106172922892 0.025102660292066488 0.060430567239278477 0.05981510019806495
116 464 0.056617088746938674 0 0 0.03612406383373854 0.05786171265493995 0.027998556342138686 0.025093774919951423 0.03041996257212295 0.04394885506956053 0.056544004583414735 0.07008875256576372 0.04404022684352062 0.024070042902219358 0.057618394780403745 0.05862170180366542
117 468 0.05633147156698595 0 0 0.03438135637016483 0.05732368846697986 0.02737354652607731 0.02456476305130211 0.03265268180534566 0.0432100763790735 0.05517482909938854 0.06874210853632456 0.04398557368435162 0.02329442318810341 0.05700363431518084 0.05963499043824194
118 472 0.05367184547202731 0 0 0.03273893246081501 0.053876950836856514 0.025460712222678237 0.0231090644032956 0.03219195332371745 0.040782459585300385 0.05020108329885879 0.06447200262081489 0.041449093885958466 0.022575423311061098 0.05273433245685051 0.056558301286602976
119 476 0.05163637288046928 0 0 0.030852754092419384 0.0511736486784987 0.024617905974682833 0.02186353664887507 0.03134421896880833 0.03735342869963052 0.05037400097207673 0.06145687688551022 0.0389762097309951 0.021542978404335306 0.05051798124225839 0.0535215939400767
120 480 0.04996615234491928 0 0 0.029763955325120467 0.0490754760882399 0.023813720229265225 0.020954519178725248 0.029733700101313407 0.03808338646508655 0.04858250113098149 0.058562801898100945 0.037509035040588015 0.020915237036171593 0.048183702268447884 0.051457066654352145
121 484 0.04764435313260408 0 0 0.028206814808687745 0.04668144184918427 0.022704367496605832 0.019764865894745617 0.02828278517485755 0.03658664177202607 0.04369337990012735 0.05473282512477373 0.03579294130356847 0.019688598372623857 0.04628371106356632 0.047663509328401965
122 488 0.04423148664396422 0 0 0.02544229553792984 0.042700246845898286 0.020886881373965053 0.018121317676220217 0.025625126998735995 0.0333815663995619 0.042223849706086204 0.05041969958358538 0.03302023202044992 0.01784605955763149 0.043136325588229496 0.044745797169866555
123 492 0.043545786475308546 0 0 0.02551298236704239 0.04113133666861013 0.020572093503668044 0.017533539154034727 0.024641092420192894 0.03322814122182434 0.04345524109459453 0.04831473794060521 0.0319600351681551 0.017796903688407396 0.04346681231899232 0.04281265458308906
124 496 0.04277276565924148 0 0 0.026112484518323566 0.03862582591843837 0.02155538254007407 0.016895567106918287 0.023539793416096633 0.032000387678026466 0.04296161600170531 0.0473129109553478 0.03077267964276866 0.01703629875985878 0.04230530825574095 0.042022777971234486
125 500 0.04322970354199634 0 0 0.026199856977310466 0.03828427507751205 0.02211542734275175 0.016780734744488567 0.023800115869903916 0.031995658048098743 0.04312514129885799 0.05234312870211804 0.031361083242673254 0.017386043177722865 0.04201797186220579 0.04059562483338182
126 504 0.04278058225097069 0 0 0.026739491408818795 0.03897581275919825 0.022604811563834346 0.01623025237873484 0.0232050726594488 0.031235503016266465 0.04210913055989805 0.052439061536965946 0.030424663274235205 0.017130688585813254 0.0407816787548643 0.04099260033580161
127 508 0.04216522875663186 0 0 0.027534718631442717 0.03907965052158302 0.02226630017648429 0.015762481152803164 0.022748541199901575 0.03024062516614738 0.0411900244876959 0.05152792014544048 0.03020649424834431 0.016674141799046537 0.040435897690075016 0.03972843523141623
128 512 0.0393579848451565 0 0 0.02631139327029632 0.03579163647118158 0.0204485743740845 0.014101807928730361 0.02079347597965747 0.02827648080570272 0.03727237935640364 0.04768082385045613 0.028046687439080807 0.015245059985001422 0.037167608100346056 0.036667538737063715
129 516 0.03719426959954831 0 0 0.024918216700233895 0.03359890463328134 0.019106220482753386 0.013249075274238159 0.019840848101712404 0.027588598642220147 0.03521438179328905 0.045647185342210767 0.026245017566648057 0.01406595098545352 0.03510486272937057 0.03431831612974866
130 520 0.03829764175593405 0 0 0.025828566945761418 0.033944746926286594 0.019395002923215422 0.014540547297330255 0.020555275299237705 0.02927490758932209 0.035951803164883604 0.05110264380835875 0.027137281777851182 0.014417330346985696 0.03517446368438402 0.03472136253978232
131 524 0.0376701780138836 0 0 0.02494072476408028 0.03301706472204328 0.01882714909333558 0.014962893950980528 0.020091125919853934 0.028467394087056015 0.037595112183970915 0.05033499562436417 0.026470468183432624 0.013913370229632278 0.03475313216529148 0.03371190845884403
132 528 0.03739684647429187 0 0 0.025881141374644128 0.032118666066445395 0.018984378807187174 0.015294627156803227 0.01863388456044273 0.028451731162917358 0.03757133233126345 0.05010255259091473 0.025744584040742483 0.013497106754706424 0.033783442009287214 0.033102840771041454
133 532 0.037294653215465615 0 0 0.02661943585419231 0.03142943561655763 0.01894700805226193 0.015307101641129939 0.01881820057994205 0.02755885391333266 0.036982283037895435 0.0493897939055005 0.025075261740714783 0.013767259036806567 0.033900107260459035 0.03201496699199469
134 536 0.038592949401637586 0 0 0.027179956860632563 0.033167012933187336 0.021030552657987384 0.015799105077356268 0.019376402766947944 0.028598802325425197 0.03811149595219649 0.05028348279541249 0.025645383264995488 0.014948868907632994 0.03529963871728704 0.032795653677637
135 540 0.04084115316719405 0 0 0.028169363141451208 0.0347401978206319 0.021640374922532388 0.01640156497077892 0.022007660427670602 0.03163416158063682 0.04237278785139892 0.052074345941436964 0.026976710341302883 0.01688946024697544 0.03807698980686132 0.034220100382237724
136 544 0.04229166916297954 0 0 0.029483053380368864 0.035155950507405 0.024242242860858267 0.016166927092392053 0.022750296717859313 0.03342923561267334 0.04507063525393294 0.053084008254210606 0.02789306642435115 0.017946832679610277 0.03931249877202253 0.03491300243853843
137 548 0.04262725550468676 0 0 0.029832820505219744 0.034616596446473136 0.024541915108894558 0.017403847930232825 0.02267899091368792 0.03365471654024509 0.04633764984326551 0.05322731153780115 0.027615127401053288 0.017936898201033828 0.03796487672618447 0.03467621143014706
138 552 0.043370075595902835 0 0 0.029201805823736347 0.034674881356756976 0.025522124260270517 0.018038723294139674 0.022589867136423122 0.035942437441570795 0.04853360026593905 0.05311473358086533 0.027611843265334446 0.017987443356749122 0.038825292563011156 0.034711846342197504
139 556 0.04477400087088207 0 0 0.03032816231014897 0.03661759735692109 0.02664465431443386 0.018368028091561173 0.023531340240897664 0.039084800393992515 0.05037308883074877 0.05511994942335394 0.027853801061415585 0.018212301779878166 0.040331600479962273 0.036838388263302886
140 560 0.04397057495939497 0 0 0.029800439948218363 0.0359863013111669 0.02589023074652325 0.017735260507400808 0.022664118064197263 0.038248813565538095 0.049191388805289456 0.05294476914127087 0.027172851347143246 0.020091753616780575 0.038364853973446765 0.03617210664367866
141 564 0.0434564487706713 0 0 0.02904246916979985 0.03613393979199276 0.024761231786281084 0.017080982212123376 0.02175559145045894 0.03705319069328741 0.04801102045239788 0.050752601248855216 0.02724314462053472 0.019775351218291975 0.039349860351691836 0.036122158775192446
142 568 0.04489772976217514 0 0 0.02940862688658567 0.03789595461710577 0.02514964307158228 0.01835155374914722 0.022381380458514687 0.03743267718320423 0.04791696871286192 0.057836435961371224 0.028415675050119937 0.020446990936477134 0.03938948837557129 0.03799633425088097
143 572 0.04442472711267277 0 0 0.02903279688949738 0.037098867282002124 0.024810922447341024 0.017995368941955983 0.021960195230195573 0.03719408539498782 0.04686463551375833 0.05541669488598766 0.027770494080678096 0.019884955613552163 0.04072874693559168 0.03731740150337363
144 576 0.04387050916183989 0 0 0.02845108094377577 0.036135230262240955 0.0242488662426389 0.01749850807746343 0.0212376733120506 0.03659365722021866 0.04558921650891716 0.055789093182840914 0.026969625233123982 0.02068257517176558 0.04299607163336067 0.03614552987824762
145 580 0.043078470513881646 0 0 0.02744124807405206 0.03442372941729308 0.023673241457276478 0.016947559223048435 0.02057533047631952 0.034904852037369344 0.04382417177052221 0.05449287695180977 0.02646927857155796 0.02065168003957403 0.045665203681505555 0.0335807555750899
146 584 0.04377324902466972 0 0 0.02755751346817706 0.034683016083819185 0.02358294950943708 0.016953732958160706 0.021256506719899357 0.035749375114697265 0.0440417860073383 0.05467835283791903 0.02677840154269199 0.021100281880982463 0.04875905941766881 0.03630499200014658
147 588 0.041653504771954154 0 0 0.026060159458601323 0.032730781122409146 0.022421182500945724 0.01581274118656288 0.019394679619173488 0.03360290985412932 0.04142176251564117 0.05147079031942946 0.02519880295813143 0.020252912262640428 0.04581932721790641 0.034500878575897204
148 592 0.04199496073879745 0 0 0.025645781678748085 0.0347221109440515 0.022312231749368673 0.01593170381868912 0.02023835150046299 0.03327834152026076 0.04011950262223499 0.05117293454209894 0.02500826762786841 0.02172028771323235 0.04791190982675567 0.03422679183698923
149 596 0.04214869750924134 0 0 0.025667935356336023 0.035926639413596514 0.022686867341766816 0.01604492618155622 0.01937515502441149 0.032928038048396994 0.04159804359690886 0.05024140482797075 0.024112398024927758 0.022460323887644087 0.047724354672971245 0.034045612254539837
150 600 0.04288658405568939 0 0 0.02556712779337829 0.03920288082200453 0.023246166367783542 0.01617192069379872 0.020126699338880043 0.032854684781118484 0.04079366095841448 0.05055490170383378 0.02509627535044966 0.02326451634205128 0.04770848766912551 0.034294208798109675
151 604 0.039554275853259505 0 0 0.023539209238814873 0.036341496086953744 0.021203222303303737 0.014517254673784516 0.01780350636633734 0.03025286869447843 0.037265279455977955 0.04669347551546575 0.022408190115453835 0.021273511317694577 0.04376196799689575 0.030809724863307714
152 608 0.037866373993460906 0 0 0.022259594915952877 0.033949262438985654 0.019847700910601476 0.014202103522633642 0.018443947369773245 0.028433562833215853 0.03544698121632657 0.043933957363581445 0.021711617694465397 0.020183258375664186 0.041318344227643626 0.02902413624165411
153 612 0.03569388628937308 0 0 0.021213355987149612 0.03212542618653669 0.018439634920559805 0.013149177274750259 0.017390290485986334 0.026204332202537442 0.032723823715736844 0.042821743195383864 0.020605250753868643 0.0187271847221136 0.03841620400136987 0.027027650547899653
154 616 0.0347500049043946 0 0 0.020716307575729887 0.03080280443600411 0.01823682029027412 0.012534466902762496 0.01713050635630022 0.025899778503899514 0.031241789159219182 0.04120460493196863 0.020234284725780927 0.018231022831284437 0.03708726017491415 0.026147606236078525
155 620 0.03411588842856148 0 0 0.019956383245074157 0.030151034917092596 0.018272065334762142 0.012236916818772023 0.016153650471771783 0.02518108867292118 0.03006482213020824 0.04081427079445958 0.01988632255269951 0.01770971085524988 0.03599988952278832 0.02566469809235683
156 624 0.03128036356933137 0 0 0.018071367693192217 0.02657778637892212 0.016913019501717832 0.011118522161177652 0.01490007708103512 0.022486512343442237 0.02708137832766191 0.03683337176475847 0.017737260052396654 0.016597710563846686 0.03259402246433521 0.02359685591977897
157 628 0.030335673486013494 0 0 0.01745588769770668 0.027271026527596658 0.015913436772087532 0.011029780108114801 0.014534419231147259 0.021834777872084484 0.025931550471159595 0.035255002088109735 0.016971969855314167 0.016606552653026095 0.031043178235569024 0.023062038145841707
158 632 0.030443150256593887 0 0 0.017147315623656883 0.026823602513035148 0.016502047020355053 0.011157329951100818 0.01652994945838001 0.02168287208952315 0.02523288384283644 0.034742888560719616 0.01767812277975739 0.016767327577864925 0.030924400881903673 0.02289000290714273
159 636 0.028546947069206827 0 0 0.015866984515658093 0.025029818994148165 0.015381307474808328 0.010246831892437108 0.01574894345660827 0.01990884355635517 0.023466008721382405 0.03221741611939455 0.016450663924846634 0.015459344445828173 0.02826629494520076 0.02089205593553327
160 640 0.02594375106117475 0 0 0.014328104746905882 0.022474603082116018 0.013802426189413044 0.009198015841230782 0.014171470018401867 0.01801461936683493 0.02253381965529826 0.027888565583082548 0.014420563755251121 0.013992797262112904 0.02596400068120056 0.018529132930009806
161 644 0.02398893927971569 0 0 0.012941349092666695 0.02041869252900728 0.01243323143110661 0.008380520008334873 0.012852335820130645 0.016142744691668758 0.02090030688186503 0.026143923435266208 0.013511521817460596 0.01277374998107672 0.02398125087779107 0.017410992071320207
162 648 0.02332714982483641 0 0 0.012440425182550568 0.01985226063216598 0.01216862666680559 0.008056234944165103 0.012293115766803132 0.017229842544678044 0.02005147149657156 0.025760737786526443 0.013108546103881985 0.012096528893618915 0.02282351462450114 0.01704452969914918
163 652 0.024032250389758158 0 0 0.012400508683401463 0.020458288076959263 0.012277775984425157 0.007884691872007618 0.012627192911405467 0.019726364212723124 0.020449761674207895 0.0267722375727 0.013800899595140399 0.012228039566484682 0.02296478433009481 0.017696383408909774
164 656 0.025600267499933826 0 0 0.013537524088419916 0.021472002820156124 0.013020124520585078 0.008508704678192163 0.01363226629629619 0.023711023714724753 0.021774729494365704 0.027498191910572897 0.01463498947737828 0.012799104800630907 0.024413698074339202 0.019355093957500045
165 660 0.02710297027415926 0 0 0.014020541395760998 0.022677586879028495 0.013635775688521793 0.008996813932334579 0.01439528584878592 0.025309313723318898 0.023959799148923214 0.030895331766639094 0.015071217159931555 0.013564769689496587 0.027279886965755312 0.02041802883535664
166 664 0.027343303914297592 0 0 0.014474461204495052 0.02250603043143249 0.013524025017240869 0.009089791077106309 0.014081538512005578 0.02521008578614135 0.024092804476128566 0.03164461090439929 0.015100225132338834 0.013417711479761682 0.0285957015202081 0.020722251755147865
167 668 0.025222665234199835 0 0 0.013200017612057146 0.020352469172092682 0.012308907615719055 0.008272424379770198 0.012597965989827285 0.022785677034811817 0.0220187536514514 0.028835217696196916 0.01359557519323216 0.011914810037132515 0.026959986609200945 0.018830019530596095
168 672 0.023386164100438762 0 0 0.012025331555332135 0.0184577342108458 0.01120950221931063 0.007597790989212431 0.011932573749599827 0.021005174777302633 0.020161798696113068 0.02650132098739128 0.012639982173099628 0.011254726501207471 0.024068749193183657 0.017237992042736284
169 676 0.023105632538540512 0 0 0.011559747344938451 0.01841525843818944 0.011027700681865343 0.007407018398270429 0.012100696824250134 0.02035333115126586 0.019685465832177992 0.026045044649610525 0.012396951226623246 0.01064407949130447 0.027348854408874492 0.016798887825705853
170 680 0.022801313136652467 0 0 0.011280349418913467 0.01835476273422875 0.010511466752957556 0.0071854017347344114 0.01249464064677542 0.019728689980718066 0.01924878446853083 0.025251094086110846 0.011774686446973494 0.01023349124365032 0.028115615970852947 0.016315166266594378
171 684 0.02275118715553122 0 0 0.011034778965245268 0.018209520341014925 0.01046693545343082 0.007081876690954718 0.012638566407805628 0.019656026547528255 0.018686454109091952 0.023833508478656184 0.012285011950147605 0.01021757996487161 0.027648636265464672 0.016138465190708124
172 688 0.021849657148779556 0 0 0.010088253858369983 0.017192492661601555 0.009880383417294622 0.006673660132924262 0.011991387806387577 0.019264256452175256 0.01773342100131051 0.02284125991408 0.012112927417940691 0.009197803289073422 0.02618351743342961 0.015489665456070171
173 692 0.021805478306087075 0 0 0.010350426867299877 0.015316619649401082 0.009726172302691278 0.006588161470515257 0.012951973716797767 0.01854476706944091 0.01741459702612353 0.022983216190939133 0.01200274955955713 0.009498934901633976 0.025776527409736762 0.015400303779336391
174 696 0.02188574540423585 0 0 0.01020865224767843 0.01666370014508284 0.009598301297415266 0.006501380757950487 0.013527137961564852 0.019397803781964644 0.01689561690655282 0.02246893118918432 0.01183077741362632 0.009415119843870173 0.025072116088655682 0.01525563761431443
175 700 0.022672524535853524 0 0 0.010406154562785049 0.016873213781836583 0.010067352545017998 0.006763073771391847 0.015383758363959202 0.020378793863083985 0.017042602683077637 0.02408362720882116 0.012294586729251843 0.009592623792884903 0.0256202118379131 0.016378362862805695
176 704 0.02367717344151137 0 0 0.010902926603961733 0.017731887906901816 0.010404542354362962 0.007071246284780576 0.015942902253822853 0.02195015183449818 0.017350978564892847 0.026209486326862524 0.012510005751749438 0.010209296387683102 0.026805320585364726 0.016951489037801793
177 708 0.023928843768971867 0 0 0.010658401684667028 0.017970949415780035 0.01031760539434205 0.007190422478954557 0.015735205667334724 0.021899902521376566 0.020168708079302145 0.02641501332590574 0.012727863095513891 0.010163256547336358 0.026752769655643112 0.0170590110653582
178 712 0.02439742423876093 0 0 0.01134892125211235 0.01695760729027452 0.010489021223065588 0.00724380204045879 0.01574538102884585 0.022273506092975334 0.02154212845805725 0.026619638554209544 0.012812164579850493 0.01071497910217782 0.027250078028942894 0.017352598096824247
179 716 0.024409623015062474 0 0 0.011507905288708018 0.01759006537748889 0.010367574135579474 0.007020156165758548 0.01584091998023165 0.02220315566600694 0.022509052127311777 0.026212538768192708 0.012554997979678083 0.01065355401743798 0.027385695916835654 0.017244982450522126
180 720 0.02483233768017945 0 0 0.011568737109199022 0.01925950759689857 0.010405934336834868 0.007356318673870445 0.016128374795798074 0.02231101873294381 0.022667521785508883 0.026230323076228003 0.012795961486327473 0.010792396603100218 0.028347189596205576 0.01735926963725809
181 724 0.025173796042518837 0 0 0.011587401235048455 0.01962087901612245 0.010389848692197307 0.00747587335820166 0.01682252817359783 0.02235562463318391 0.023463266926780753 0.0266748137455024 0.012820980032886523 0.010874632984391407 0.029545422871952862 0.017209683314063973
182 728 0.025952282981028692 0 0 0.011858080125569456 0.019377746282611522 0.010669163029442744 0.0075277515866799425 0.017144471077424412 0.02297241405522899 0.022825552941643786 0.029006301194271066 0.014457324547378109 0.01078361030700331 0.032287090237974755 0.017674053214576494
183 732 0.025459856252701144 0 0 0.011507899912289725 0.018879394425044244 0.010325283064260917 0.007375004786075976 0.016406765964799286 0.022299011244830056 0.022713313467946913 0.028471501514320374 0.014349142354828126 0.010399304427711316 0.031911682353250155 0.017045889091637047
184 736 0.025055219295077997 0 0 0.011167363824570363 0.018283111916658764 0.009986928993914988 0.007118184249804595 0.016270307827124138 0.021704756095427383 0.022645622001994534 0.029571515693296205 0.013948122323259659 0.010123825611166643 0.03091419729832801 0.016996329793641376
185 740 0.023115531682498965 0 0 0.01012881532364989 0.01670767342002446 0.009167505377210082 0.006480814346269085 0.014841753736282085 0.019598297591807336 0.02081764808475694 0.02731577370065908 0.01266902140587466 0.009214027625318963 0.028048448409271853 0.015470850689440954
186 744 0.020765387453617508 0 0 0.009024942751632702 0.014473799329095356 0.008100690709215128 0.005650498208569818 0.01313227407620694 0.017654680264150582 0.018728941108409742 0.02403793718373017 0.011214316279176122 0.008201122920866902 0.024578628775689407 0.013643354301719436
187 748 0.020365271684894534 0 0 0.008736525062167119 0.015164117459425192 0.007781234407854361 0.00584493920799086 0.012768219598451407 0.017041694862325152 0.018262260808112427 0.023598640393416245 0.010707890741622891 0.007774940161222993 0.02402453077447642 0.013388090160348014
188 752 0.02055161015378994 0 0 0.00863217860904696 0.015137501749201504 0.007865276427482179 0.006109566449012499 0.012739392844032988 0.016498723858469382 0.01822728389093419 0.024971762880389173 0.01109235480706877 0.00831934724788054 0.024027896005876088 0.0123082300724181
189 756 0.02045669929679272 0 0 0.008434849507755813 0.014907079677141716 0.007771827935207914 0.006226197046167817 0.012500203284378918 0.0161848558424891 0.018605096032139588 0.02477293880461328 0.010940775942239637 0.008898673822396733 0.02359808344563058 0.012137893956679139
190 760 0.02033138767696728 0 0 0.008324212181257415 0.014463095192447074 0.007283808025951206 0.0062325939338184295 0.01229260718699462 0.015833884540550507 0.020498721862171308 0.024023537711415226 0.010664805770656337 0.008830948702819719 0.023162077896410758 0.011674239078961897
191 764 0.020466246278956362 0 0 0.008159951998044207 0.014630113350615119 0.007894568348555005 0.00620583871743824 0.012154131455662224 0.015780481691945313 0.020611256780641008 0.02469761175224629 0.010600906519132173 0.009009211114044714 0.023021719418300418 0.012528189116775225
192 768 0.02035530020937396 0 0 0.008152938120463141 0.01404620389595057 0.007993263544804586 0.006105854785194994 0.01186315502821025 0.015491260694786553 0.02009480754373296 0.02455179901375159 0.010377253885889717 0.00886455055705695 0.022362368652924503 0.013279366033569487
193 772 0.01900131834746272 0 0 0.0075821890244780485 0.013073783173255707 0.0074853007687817955 0.005468730587386103 0.01055892073319913 0.01418199493678469 0.018716256125347497 0.022891964351478417 0.009442958712094638 0.00808801874665773 0.02065921708009667 0.012243502214558315
194 776 0.018117991617747062 0 0 0.006789625694620291 0.012266525951811581 0.007019626922432478 0.00530188069496228 0.010423428966798296 0.013419296238077173 0.01732596884315668 0.021558546322719075 0.008790955303267657 0.0076318904634856445 0.019061137302016036 0.011658716093111317
195 780 0.01688835697869766 0 0 0.006721497455628021 0.011002301770055402 0.006379446020196245 0.004853128517561499 0.009622683184338256 0.012165544533233826 0.01585788370360885 0.0196152300954239 0.008117153026089986 0.0069556890482317685 0.01786151086416188 0.010736079740979182
196 784 0.015663293706041675 0 0 0.006130564151375452 0.0100934731100452 0.005804644155936537 0.004576907764034505 0.00886403688576584 0.011354067383629136 0.014481082653787928 0.018139116374522736 0.007434215083653085 0.006470023257079821 0.016379587800079996 0.009842398793391608
197 788 0.015116845545418237 0 0 0.00581892288950347 0.009612529742803395 0.0058942561001516305 0.004398153086999907 0.008388308894143883 0.010785626096464227 0.014786902108399246 0.017295059790823634 0.007186268286867807 0.006292636505610422 0.015476476051994838 0.009010631468266538
198 792 0.014306546369958912 0 0 0.005552140768220253 0.008484428309584659 0.005519484550511741 0.0041598832949041094 0.008017950652518768 0.01014059934454161 0.013818650253955272 0.01600650328113137 0.006701101585698898 0.006184917024555855 0.01451819916612348 0.008403954277678354
199 796 0.014443433754538142 0 0 0.0054659341374967115 0.00969851934737192 0.005891260533548624 0.004224071882425487 0.008235249650833732 0.009871064475851307 0.013857904974836951 0.016463820470172908 0.006646633446433563 0.006177108037778167 0.01437345792777094 0.00832319992964214
200 800 0.015204029767756377 0 0 0.005799542965344472 0.01080674317940772 0.0071626132215234185 0.004449489626244538 0.008660795849882896 0.010754028190505313 0.014355904491970703 0.0173263379086638 0.006893415421181899 0.006379210437696693 0.014924185549775225 0.00873657652243958
