% # columns="iteration, evaluation, sigma, axis ratio, bestever, best, median, worst objective function value, further objective values of best", seed=508102, Sun Jul 13 18:00:56 2025, <python>{}</python>
1 16 0.47677096447111095 1.0000492436366706 -2.0 -2.0000000000000000e+00 -2.0 -2.0   
2 32 0.4567132582338771 1.0331359550836203 -2.01326847076416 -2.0132684707641602e+00 -2.0 -1.1065900325775146   
3 48 0.4435642158459009 1.0394888451829434 -2.0603675842285156 -2.0603675842285156e+00 -2.0 -0.1399875432252884   
4 64 0.43326037873207857 1.0419357030643102 -2.130866765975952 -2.1308667659759521e+00 -2.0 -1.983471155166626   
5 80 0.4250305340003044 1.0461556145487285 -2.130866765975952 -2.0162601470947266e+00 -2.0 -1.8699101209640503   
6 96 0.41748675363470206 1.0512310407648209 -2.1529831886291504 -2.1529831886291504e+00 -2.0 -2.0   
7 112 0.4132298870186448 1.0547466099239604 -2.1529831886291504 -2.0182018280029297e+00 -2.0 -2.0   
8 128 0.408517344482828 1.0678765437013538 -2.1529831886291504 -2.0000000000000000e+00 -2.0 -1.9454231262207031   
9 144 0.40691137877198963 1.0776247920439104 -2.1529831886291504 -2.0000000000000000e+00 -2.0 -2.0   
10 160 0.4070734718756343 1.08688440849978 -2.1529831886291504 -2.0000000000000000e+00 -2.0 -2.0   
11 176 0.4051769235023546 1.0976676672606598 -2.1529831886291504 -2.0000000000000000e+00 -2.0 -2.0   
12 192 0.4055129681138319 1.1064762350065587 -2.1529831886291504 -2.0000000000000000e+00 -2.0 -2.0   
13 208 0.4054345368459965 1.1179347450150896 -2.1529831886291504 -2.0000000000000000e+00 -2.0 -2.0   
14 224 0.40927176345208227 1.1289473494379028 -2.1529831886291504 -2.0155210494995117e+00 -2.0 -1.9207683801651   
15 240 0.4109000124912219 1.1390586168145038 -2.1529831886291504 -2.0000000000000000e+00 -2.0 -2.0   
16 256 0.409721131945056 1.1475666394592363 -2.1529831886291504 -2.0298507213592529e+00 -2.0 -1.983193278312683   
17 272 0.410425237248154 1.1564050184830486 -2.1529831886291504 -2.0512080192565918e+00 -2.0 -2.0   
18 288 0.41204397812155963 1.1630454733632334 -2.1529831886291504 -2.0282585620880127e+00 -2.0 -2.0   
19 304 0.4128614622029569 1.171484297636016 -2.1529831886291504 -2.0000000000000000e+00 -2.0 -2.0   
20 320 0.41036278479573624 1.1804500392641364 -2.2156200408935547 -2.2156200408935547e+00 -2.0 -2.0   
21 336 0.41046277308887474 1.1883380980278966 -2.2156200408935547 -2.0000000000000000e+00 -2.0 -1.8861916065216064   
22 352 0.4110367750365429 1.198248249042788 -2.2156200408935547 -2.0000000000000000e+00 -2.0 -2.0   
23 368 0.4107312039051778 1.2058109403713864 -2.2156200408935547 -2.0000000000000000e+00 -2.0 -2.0   
24 384 0.4113929388693115 1.214527977420978 -2.2156200408935547 -2.0000000000000000e+00 -2.0 -2.0   
25 400 0.41020506087734515 1.2211870003941354 -2.2156200408935547 -2.0000000000000000e+00 -2.0 -2.0   
26 416 0.40969904660238543 1.2297709777363663 -2.2156200408935547 -2.0000000000000000e+00 -2.0 -2.0   
27 432 0.4093473287683123 1.2403636432193803 -2.2156200408935547 -2.0000000000000000e+00 -2.0 -2.0   
28 448 0.41103361673684924 1.2491736153682105 -2.2156200408935547 -2.0000000000000000e+00 -2.0 -2.0   
29 464 0.41368920771086304 1.2570551180206553 -2.2156200408935547 -2.0000000000000000e+00 -2.0 -2.0   
30 480 0.41559706170078775 1.26383557826873 -2.2156200408935547 -2.0000000000000000e+00 -2.0 -2.0   
31 496 0.4155813676681859 1.2707301257152246 -2.2156200408935547 -2.0000000000000000e+00 -2.0 -2.0   
32 512 0.4170933910873226 1.2748795654500877 -2.2156200408935547 -2.0001354217529297e+00 -2.0 -2.0   
33 528 0.41469887471717265 1.2779179512827765 -2.2156200408935547 -2.0000000000000000e+00 -2.0 -2.0   
34 544 0.41276107532855166 1.2828348259773235 -2.2156200408935547 -2.0000000000000000e+00 -2.0 -2.0   
35 560 0.4115179096644382 1.2869343406536375 -2.2156200408935547 -2.0424616336822510e+00 -2.0 -2.0   
36 576 0.41096758035867814 1.2911988506929961 -2.2156200408935547 -2.0000000000000000e+00 -2.0 -2.0   
37 592 0.41199949219712656 1.2950137751261572 -2.2156200408935547 -2.0595238208770752e+00 -2.0 -2.0   
38 608 0.4114988463764087 1.3035684902544629 -2.2156200408935547 -2.0000000000000000e+00 -2.0 -2.0   
39 624 0.41220548500702403 1.3073595217083682 -2.2156200408935547 -2.0008912086486816e+00 -2.0 -2.0   
40 640 0.4089472536832135 1.3126558314341523 -2.2156200408935547 -2.0000000000000000e+00 -2.0 -1.903777003288269   
41 656 0.4064181590784372 1.3153732000131653 -2.2156200408935547 -2.0000000000000000e+00 -2.0 -2.0   
42 672 0.40229955702598513 1.3164086652336633 -2.2156200408935547 -2.0000000000000000e+00 -2.0 -2.0   
43 688 0.3989773131707055 1.3197183806606796 -2.2156200408935547 -2.0000000000000000e+00 -2.0 -1.976068377494812   
44 704 0.3975753415622781 1.320640357773906 -2.2156200408935547 -2.1538665294647217e+00 -2.0 -2.0   
45 720 0.3955876472226323 1.327666041942089 -2.2156200408935547 -2.0000000000000000e+00 -2.0 -2.0   
46 736 0.3950989254697678 1.3294474324511847 -2.2156200408935547 -2.0797216892242432e+00 -2.0 -2.0   
47 752 0.3932894563208414 1.3323510256139444 -2.2156200408935547 -2.0000000000000000e+00 -2.0 -2.0   
48 768 0.3915283245843865 1.3341529930739768 -2.2156200408935547 -2.0289855003356934e+00 -2.0 -2.0   
49 784 0.3910125064147987 1.339124464614955 -2.2156200408935547 -2.0000000000000000e+00 -2.0 -1.9691650867462158   
50 800 0.389257710268563 1.3424476025361542 -2.2156200408935547 -2.0000000000000000e+00 -2.0 -2.0   
51 816 0.38801342897595137 1.3487031471326856 -2.2156200408935547 -2.0000000000000000e+00 -2.0 -2.0   
52 832 0.3871216455195017 1.35133876551223 -2.2156200408935547 -2.0000000000000000e+00 -2.0 -2.0   
53 848 0.38345719591875244 1.3534672387547615 -2.2156200408935547 -2.0000000000000000e+00 -2.0 -2.0   
54 864 0.3803176388991604 1.356572890665427 -2.2156200408935547 -2.0245535373687744e+00 -2.0 -2.0   
55 880 0.3744617893609171 1.358659908193659 -2.2156200408935547 -2.0989899635314941e+00 -2.0 -2.0   
56 896 0.3689094846516852 1.3595641712038296 -2.2156200408935547 -2.0000000000000000e+00 -2.0 -2.0   
57 912 0.36358219350349014 1.3628540858821756 -2.2156200408935547 -2.0000000000000000e+00 -2.0 -1.9987635612487793   
58 928 0.3593528829148974 1.3633370395672313 -2.2156200408935547 -2.0163934230804443e+00 -2.0 -2.0   
59 944 0.3572960447829192 1.3667311619843132 -2.2156200408935547 -2.1585083007812500e+00 -2.0 -2.0   
60 960 0.35751265800614906 1.3650954332568268 -2.2156200408935547 -2.0000000000000000e+00 -2.0 -2.0   
61 976 0.3548503929411337 1.3664726959486437 -2.2156200408935547 -2.0000000000000000e+00 -2.0 -2.0   
62 992 0.34932979734341424 1.368302508170754 -2.2156200408935547 -2.0244765281677246e+00 -2.0 -2.0   
63 1008 0.34374052898257346 1.369866622866544 -2.2156200408935547 -2.2062015533447266e+00 -2.0 -2.0   
64 1024 0.3394799682367631 1.3722335262550744 -2.2156200408935547 -2.0000000000000000e+00 -2.0 -2.0   
65 1040 0.3348167841637794 1.373217464517324 -2.2156200408935547 -2.0516369342803955e+00 -2.0 -2.0   
66 1056 0.3298257503922598 1.3737955271405442 -2.2156200408935547 -2.0000000000000000e+00 -2.0 -2.0   
67 1072 0.32433238604020814 1.3744712027992358 -2.2156200408935547 -2.0000000000000000e+00 -2.0 -2.0   
68 1088 0.31955464403925654 1.375900160725496 -2.2156200408935547 -2.0000000000000000e+00 -2.0 -2.0   
69 1104 0.3137848368610092 1.3725740950622989 -2.2156200408935547 -2.0156250000000000e+00 -2.0 -1.916271448135376   
70 1120 0.30901606220668465 1.3719608310879088 -2.2156200408935547 -2.0000000000000000e+00 -2.0 -2.0   
71 1136 0.3068690107822531 1.3746429650356657 -2.2156200408935547 -2.0285112857818604e+00 -2.0 -2.0   
72 1152 0.3050619185203186 1.3761582708599618 -2.2156200408935547 -2.0526182651519775e+00 -2.0 -2.0   
73 1168 0.30392596283752166 1.376263973177297 -2.2156200408935547 -2.0593793392181396e+00 -2.0 -1.9145299196243286   
74 1184 0.30551006743417963 1.3761816935799007 -2.2156200408935547 -2.0000000000000000e+00 -2.0 -2.0   
75 1200 0.3073126390574186 1.378960410107441 -2.2156200408935547 -2.0000000000000000e+00 -2.0 -2.0   
76 1216 0.30970870475112844 1.3817902706122753 -2.2156200408935547 -2.0000000000000000e+00 -2.0 -1.9837398529052734   
77 1232 0.3114012495789168 1.3832742056429403 -2.2156200408935547 -2.0000000000000000e+00 -2.0 -2.0   
78 1248 0.31112801629172593 1.386238206377068 -2.2156200408935547 -2.0000000000000000e+00 -2.0 -0.17332656681537628   
79 1264 0.3095375353209374 1.385515890826101 -2.2156200408935547 -2.0000000000000000e+00 -2.0 -2.0   
80 1280 0.3070833331863181 1.390412782196548 -2.2156200408935547 -2.0000000000000000e+00 -2.0 -1.9809112548828125   
81 1296 0.3031067910231475 1.3917524705180588 -2.2156200408935547 -2.0000000000000000e+00 -2.0 -2.0   
82 1312 0.3018649672178507 1.3911630585442127 -2.2156200408935547 -2.0000000000000000e+00 -2.0 -2.0   
83 1328 0.29989735209890744 1.394052614786284 -2.2156200408935547 -2.0000000000000000e+00 -2.0 -1.8774224519729614   
84 1344 0.2966463305437278 1.3937876784999979 -2.2156200408935547 -2.1166667938232422e+00 -2.0 -2.0   
85 1360 0.2948543116708827 1.395500030958905 -2.2156200408935547 -2.0000000000000000e+00 -2.0 -2.0   
86 1376 0.29361112567218633 1.3984620561238938 -2.2156200408935547 -2.1497786045074463e+00 -2.0 -1.9903767108917236   
87 1392 0.29300967987987186 1.3976616460851312 -2.2156200408935547 -2.1459496021270752e+00 -2.0 -1.9799180030822754   
88 1408 0.2913348316678818 1.3990446877596903 -2.2156200408935547 -2.0519645214080811e+00 -2.0 -2.0   
89 1424 0.2907928968562669 1.3999950631061315 -2.2156200408935547 -2.0000000000000000e+00 -2.0 -2.0   
90 1440 0.29020025054569554 1.4026889066357928 -2.2156200408935547 -2.0000000000000000e+00 -2.0 -2.0   
91 1456 0.28969341853910463 1.4021674809186586 -2.2156200408935547 -2.0000000000000000e+00 -2.0 -2.0   
92 1472 0.2909483539892253 1.4029910689457123 -2.2156200408935547 -2.0000000000000000e+00 -2.0 -2.0   
93 1488 0.29396883568938176 1.4052172385160182 -2.2156200408935547 -2.0000000000000000e+00 -2.0 -2.0   
94 1504 0.2985474191451529 1.405262821174669 -2.2156200408935547 -2.0775492191314697e+00 -2.0 -2.0   
95 1520 0.3012031595939369 1.407526087673454 -2.2156200408935547 -2.0000000000000000e+00 -2.0 -2.0   
96 1536 0.30076259157446583 1.4085569209060107 -2.2156200408935547 -2.0000000000000000e+00 -2.0 -2.0   
97 1552 0.30089437312686956 1.4094060603599243 -2.2156200408935547 -2.0000000000000000e+00 -2.0 -2.0   
98 1568 0.30158491165105933 1.408851046941204 -2.2156200408935547 -2.0000000000000000e+00 -2.0 -2.0   
99 1584 0.3015995967572324 1.4105219751684273 -2.2156200408935547 -2.0000000000000000e+00 -2.0 -2.0   
100 1600 0.30033091745889273 1.4111048278471081 -2.2156200408935547 -2.0000000000000000e+00 -2.0 -1.979337215423584   
